Step: 243
accuracy: 0.4598122835159302
loss: 1.2071424722671509
