Step: 175
accuracy: 0.45205357670783997
loss: 1.217429518699646
