Step: 41
accuracy: 0.44359755516052246
loss: 1.2360010147094727
