Step: 196
accuracy: 0.45671236515045166
loss: 1.21168851852417
