Step: 62
accuracy: 0.44254031777381897
loss: 1.2403740882873535
