Step: 93
accuracy: 0.44203630089759827
loss: 1.2316012382507324
