Step: 128
accuracy: 0.445556640625
loss: 1.2238918542861938
