Step: 19
accuracy: 0.4416118562221527
loss: 1.2383686304092407
