Step: 238
accuracy: 0.4588366746902466
loss: 1.208130121231079
