Step: 161
accuracy: 0.44788432121276855
loss: 1.2216476202011108
