Step: 4
accuracy: 0.4453125
loss: 1.2067800760269165
