Step: 210
accuracy: 0.4579613208770752
loss: 1.2099014520645142
