Step: 211
accuracy: 0.45786434412002563
loss: 1.2098946571350098
