Step: 194
accuracy: 0.45634669065475464
loss: 1.2114959955215454
