Step: 123
accuracy: 0.4457571506500244
loss: 1.2254892587661743
