Step: 109
accuracy: 0.4435206353664398
loss: 1.2283719778060913
