Step: 22
accuracy: 0.44602274894714355
loss: 1.2349969148635864
