Step: 6
accuracy: 0.4296875
loss: 1.2358412742614746
