Step: 86
accuracy: 0.4400435984134674
loss: 1.235028624534607
