Step: 246
accuracy: 0.46023884415626526
loss: 1.2068361043930054
