Step: 183
accuracy: 0.4542349576950073
loss: 1.2141422033309937
