Step: 121
accuracy: 0.44473138451576233
loss: 1.2269442081451416
