Step: 223
accuracy: 0.4576793909072876
loss: 1.209867000579834
