Step: 101
accuracy: 0.4433787167072296
loss: 1.2297301292419434
