Step: 179
accuracy: 0.4532996118068695
loss: 1.2157336473464966
