Step: 180
accuracy: 0.4537326395511627
loss: 1.2150546312332153
