Step: 120
accuracy: 0.44453126192092896
loss: 1.2271697521209717
