Step: 224
accuracy: 0.4572405219078064
loss: 1.2101829051971436
