Step: 277
accuracy: 0.4626579284667969
loss: 1.2043389081954956
