Step: 3
accuracy: 0.453125
loss: 1.2095390558242798
