Step: 139
accuracy: 0.4446942210197449
loss: 1.2239867448806763
