Step: 217
accuracy: 0.4578053057193756
loss: 1.2095415592193604
