Step: 59
accuracy: 0.44094279408454895
loss: 1.241707682609558
