Step: 195
accuracy: 0.45665064454078674
loss: 1.2118507623672485
