Step: 171
accuracy: 0.4507492780685425
loss: 1.2185174226760864
