Step: 65
accuracy: 0.4413461685180664
loss: 1.2401442527770996
