Step: 54
accuracy: 0.440972238779068
loss: 1.2402886152267456
