Step: 259
accuracy: 0.4606660008430481
loss: 1.2056468725204468
