Step: 31
accuracy: 0.4400201439857483
loss: 1.2371418476104736
