Step: 164
accuracy: 0.44826599955558777
loss: 1.2205561399459839
