Step: 8
accuracy: 0.443359375
loss: 1.2340484857559204
