Step: 191
accuracy: 0.45533376932144165
loss: 1.2127877473831177
