Step: 254
accuracy: 0.4609990119934082
loss: 1.2056457996368408
