Step: 278
accuracy: 0.46256741881370544
loss: 1.2043660879135132
