Step: 24
accuracy: 0.4427083432674408
loss: 1.2353484630584717
