Step: 17
accuracy: 0.44944852590560913
loss: 1.2250083684921265
