Step: 84
accuracy: 0.4412202537059784
loss: 1.2336939573287964
