Step: 27
accuracy: 0.44386574625968933
loss: 1.234224796295166
