Step: 141
accuracy: 0.4445922076702118
loss: 1.2241004705429077
