Step: 60
accuracy: 0.440885454416275
loss: 1.2422198057174683
