Step: 262
accuracy: 0.46189171075820923
loss: 1.2050400972366333
