Step: 154
accuracy: 0.44795048236846924
loss: 1.2226345539093018
