Step: 67
accuracy: 0.44239741563796997
loss: 1.2395164966583252
