Step: 1
accuracy: 0.484375
loss: 1.1635277271270752
