Step: 193
accuracy: 0.45612049102783203
loss: 1.2119067907333374
