Step: 167
accuracy: 0.4500374495983124
loss: 1.2185306549072266
