Step: 135
accuracy: 0.4443286955356598
loss: 1.2237637042999268
