Step: 10
accuracy: 0.4468750059604645
loss: 1.225075125694275
