Step: 271
accuracy: 0.46263837814331055
loss: 1.2037444114685059
