Step: 209
accuracy: 0.45798447728157043
loss: 1.209722876548767
