Step: 38
accuracy: 0.4416118562221527
loss: 1.2366756200790405
