Step: 232
accuracy: 0.4581088423728943
loss: 1.208558440208435
