Step: 45
accuracy: 0.44062501192092896
loss: 1.2397786378860474
