Step: 34
accuracy: 0.4388786852359772
loss: 1.2391042709350586
