Step: 82
accuracy: 0.4403582215309143
loss: 1.2356336116790771
