Step: 215
accuracy: 0.45792150497436523
loss: 1.2097703218460083
