Step: 92
accuracy: 0.4420855939388275
loss: 1.2312778234481812
