Step: 13
accuracy: 0.44951924681663513
loss: 1.2190183401107788
