Step: 279
accuracy: 0.4625335931777954
loss: 1.2043741941452026
