Step: 48
accuracy: 0.4404296875
loss: 1.239871859550476
