Step: 137
accuracy: 0.4437727928161621
loss: 1.2247114181518555
