Step: 168
accuracy: 0.4503348171710968
loss: 1.2183750867843628
