Step: 111
accuracy: 0.44313064217567444
loss: 1.2297587394714355
