Step: 15
accuracy: 0.4489583671092987
loss: 1.218400239944458
