Step: 222
accuracy: 0.4576295018196106
loss: 1.2095659971237183
