Step: 74
accuracy: 0.44193410873413086
loss: 1.2373601198196411
