Step: 105
accuracy: 0.44479167461395264
loss: 1.2290366888046265
