Step: 245
accuracy: 0.4604591727256775
loss: 1.2062901258468628
