Step: 23
accuracy: 0.442255437374115
loss: 1.2367128133773804
