Step: 119
accuracy: 0.4443277418613434
loss: 1.2276588678359985
