Step: 266
accuracy: 0.46252351999282837
loss: 1.2043945789337158
