Step: 68
accuracy: 0.4437040388584137
loss: 1.2382947206497192
