Step: 77
accuracy: 0.4419642984867096
loss: 1.236148715019226
