Step: 80
accuracy: 0.44160157442092896
loss: 1.2349308729171753
