Step: 205
accuracy: 0.45701220631599426
loss: 1.2109181880950928
