Step: 69
accuracy: 0.44474637508392334
loss: 1.237448811531067
