Step: 55
accuracy: 0.4426136314868927
loss: 1.2386683225631714
