Step: 165
accuracy: 0.4485795795917511
loss: 1.2202305793762207
