Step: 150
accuracy: 0.44593748450279236
loss: 1.2238516807556152
