Step: 113
accuracy: 0.4431692361831665
loss: 1.2301229238510132
