Step: 282
accuracy: 0.46266666054725647
loss: 1.2044497728347778
