Step: 158
accuracy: 0.44808149337768555
loss: 1.2215397357940674
