Step: 176
accuracy: 0.4525035619735718
loss: 1.2170435190200806
