Step: 131
accuracy: 0.4447757601737976
loss: 1.2239021062850952
