Step: 231
accuracy: 0.45792749524116516
loss: 1.2090051174163818
