Step: 257
accuracy: 0.46048152446746826
loss: 1.2056045532226562
