Step: 110
accuracy: 0.4434658885002136
loss: 1.2290767431259155
