Step: 94
accuracy: 0.44232046604156494
loss: 1.2310307025909424
