Step: 186
accuracy: 0.4552251398563385
loss: 1.212659239768982
