Step: 70
accuracy: 0.4437499940395355
loss: 1.2380611896514893
