Step: 227
accuracy: 0.4578744173049927
loss: 1.2099508047103882
