Step: 221
accuracy: 0.4580034017562866
loss: 1.20925772190094
