Step: 18
accuracy: 0.448784738779068
loss: 1.2306400537490845
