Step: 258
accuracy: 0.46057412028312683
loss: 1.205702543258667
