Step: 261
accuracy: 0.461386501789093
loss: 1.2050130367279053
