Step: 63
accuracy: 0.443204402923584
loss: 1.2396401166915894
