Step: 216
accuracy: 0.45753762125968933
loss: 1.209997296333313
