Step: 11
accuracy: 0.44460228085517883
loss: 1.2263498306274414
