Step: 75
accuracy: 0.4429166316986084
loss: 1.236249327659607
