Step: 173
accuracy: 0.45068639516830444
loss: 1.218545913696289
