Step: 148
accuracy: 0.44552361965179443
loss: 1.2237893342971802
