Step: 252
accuracy: 0.4609995186328888
loss: 1.2053604125976562
