Step: 118
accuracy: 0.44451799988746643
loss: 1.2282346487045288
