Step: 90
accuracy: 0.44218751788139343
loss: 1.2326152324676514
