Step: 125
accuracy: 0.44600000977516174
loss: 1.224419355392456
