Step: 2
accuracy: 0.453125
loss: 1.1734288930892944
