Step: 204
accuracy: 0.4572610557079315
loss: 1.2106082439422607
