Step: 12
accuracy: 0.4518229365348816
loss: 1.216997742652893
