Step: 20
accuracy: 0.4468750059604645
loss: 1.2289847135543823
