Step: 157
accuracy: 0.4481489062309265
loss: 1.2214685678482056
