Step: 66
accuracy: 0.4422348439693451
loss: 1.2397972345352173
