Step: 226
accuracy: 0.4576880633831024
loss: 1.2098263502120972
