Step: 115
accuracy: 0.4433423578739166
loss: 1.2296980619430542
