Step: 114
accuracy: 0.44339364767074585
loss: 1.2302824258804321
