Step: 240
accuracy: 0.45917969942092896
loss: 1.2078936100006104
