Step: 192
accuracy: 0.4552409052848816
loss: 1.2126054763793945
