Step: 253
accuracy: 0.46133893728256226
loss: 1.205295443534851
