Step: 146
accuracy: 0.44499143958091736
loss: 1.2241028547286987
