Step: 263
accuracy: 0.46215540170669556
loss: 1.2048158645629883
