Step: 269
accuracy: 0.4628252685070038
loss: 1.2035492658615112
