Step: 51
accuracy: 0.44087010622024536
loss: 1.2400007247924805
