Step: 87
accuracy: 0.4407327473163605
loss: 1.2345448732376099
