Step: 153
accuracy: 0.4464869201183319
loss: 1.2235162258148193
