Step: 172
accuracy: 0.4508539140224457
loss: 1.2185490131378174
