Step: 129
accuracy: 0.4452519416809082
loss: 1.223496913909912
