Step: 187
accuracy: 0.4548797011375427
loss: 1.2131314277648926
