Step: 143
accuracy: 0.44350960850715637
loss: 1.2253910303115845
