Step: 212
accuracy: 0.4575471878051758
loss: 1.2101428508758545
