Step: 112
accuracy: 0.443638414144516
loss: 1.2299340963363647
