Step: 116
accuracy: 0.4435614347457886
loss: 1.2294790744781494
