Step: 220
accuracy: 0.4582386314868927
loss: 1.2090662717819214
