Step: 104
accuracy: 0.44516226649284363
loss: 1.2273845672607422
