Step: 275
accuracy: 0.4623863697052002
loss: 1.204665184020996
