Step: 97
accuracy: 0.4413660168647766
loss: 1.2313270568847656
