Step: 61
accuracy: 0.4418545365333557
loss: 1.2419193983078003
