Step: 89
accuracy: 0.4413623511791229
loss: 1.2333720922470093
