Step: 237
accuracy: 0.45846521854400635
loss: 1.208259105682373
