Step: 249
accuracy: 0.46002763509750366
loss: 1.206632137298584
