Step: 155
accuracy: 0.4476814568042755
loss: 1.222568392753601
