Step: 239
accuracy: 0.4590742588043213
loss: 1.2078964710235596
