Step: 244
accuracy: 0.46016907691955566
loss: 1.2067991495132446
