Step: 152
accuracy: 0.4465460479259491
loss: 1.223354697227478
