Step: 202
accuracy: 0.45683786273002625
loss: 1.2115994691848755
