Step: 225
accuracy: 0.4576388895511627
loss: 1.2100127935409546
