Step: 5
accuracy: 0.4281249940395355
loss: 1.2209793329238892
