Step: 14
accuracy: 0.4542410969734192
loss: 1.2123098373413086
