Step: 236
accuracy: 0.45875266194343567
loss: 1.2082830667495728
