Step: 37
accuracy: 0.4391891658306122
loss: 1.2391289472579956
