Step: 64
accuracy: 0.441162109375
loss: 1.2413140535354614
