Step: 136
accuracy: 0.44416359066963196
loss: 1.2239664793014526
