Step: 276
accuracy: 0.4624660313129425
loss: 1.2045539617538452
