Step: 250
accuracy: 0.46031251549720764
loss: 1.2062904834747314
