Step: 177
accuracy: 0.45338982343673706
loss: 1.2165018320083618
