Step: 96
accuracy: 0.4415690302848816
loss: 1.2312028408050537
