Step: 39
accuracy: 0.4427083432674408
loss: 1.2360659837722778
