Step: 182
accuracy: 0.45415523648262024
loss: 1.2145010232925415
