Step: 185
accuracy: 0.45481419563293457
loss: 1.2129554748535156
