Step: 57
accuracy: 0.44325658679008484
loss: 1.2396904230117798
