Step: 95
accuracy: 0.4419408142566681
loss: 1.2307907342910767
