Step: 106
accuracy: 0.4441332519054413
loss: 1.228538990020752
