Step: 144
accuracy: 0.4443359375
loss: 1.2250475883483887
