Step: 21
accuracy: 0.4479166865348816
loss: 1.230912446975708
