Step: 208
accuracy: 0.457932710647583
loss: 1.209535837173462
