Step: 49
accuracy: 0.4410076439380646
loss: 1.239203929901123
