Step: 166
accuracy: 0.44926583766937256
loss: 1.2197587490081787
