Step: 230
accuracy: 0.4576086699962616
loss: 1.2094125747680664
