Step: 76
accuracy: 0.44325658679008484
loss: 1.2353999614715576
