Step: 35
accuracy: 0.43839284777641296
loss: 1.238924264907837
