Step: 73
accuracy: 0.441994845867157
loss: 1.2373249530792236
