Step: 50
accuracy: 0.44093748927116394
loss: 1.2394615411758423
