Step: 33
accuracy: 0.438446968793869
loss: 1.2407565116882324
