Step: 47
accuracy: 0.44015955924987793
loss: 1.24093759059906
