Step: 174
accuracy: 0.45141881704330444
loss: 1.218116044998169
