Step: 42
accuracy: 0.4412202537059784
loss: 1.236662745475769
