Step: 272
accuracy: 0.46243107318878174
loss: 1.203912615776062
