Step: 108
accuracy: 0.4444444477558136
loss: 1.2274668216705322
