Step: 56
accuracy: 0.4430803656578064
loss: 1.2391141653060913
