Step: 103
accuracy: 0.44508495926856995
loss: 1.227786660194397
