Step: 233
accuracy: 0.4584227502346039
loss: 1.2085765600204468
