Step: 78
accuracy: 0.44190704822540283
loss: 1.2354532480239868
