Step: 100
accuracy: 0.4426562488079071
loss: 1.2302523851394653
