Step: 248
accuracy: 0.46011844277381897
loss: 1.206711769104004
