Step: 203
accuracy: 0.4568965435028076
loss: 1.2112245559692383
