Step: 127
accuracy: 0.4454970359802246
loss: 1.2245287895202637
