Step: 28
accuracy: 0.4414062798023224
loss: 1.235569953918457
