Step: 219
accuracy: 0.45826202630996704
loss: 1.209324836730957
