Step: 149
accuracy: 0.44578438997268677
loss: 1.223918080329895
