Step: 190
accuracy: 0.45550990104675293
loss: 1.2129617929458618
