Step: 52
accuracy: 0.4399038553237915
loss: 1.240695595741272
