Step: 81
accuracy: 0.4417438209056854
loss: 1.2346407175064087
