Step: 189
accuracy: 0.455357164144516
loss: 1.2129147052764893
