Step: 140
accuracy: 0.4447544813156128
loss: 1.2240358591079712
