Step: 260
accuracy: 0.4608774185180664
loss: 1.2057195901870728
