Step: 26
accuracy: 0.44110578298568726
loss: 1.2361817359924316
