Step: 199
accuracy: 0.457364946603775
loss: 1.2107725143432617
