Step: 188
accuracy: 0.4552858769893646
loss: 1.2129172086715698
