Step: 181
accuracy: 0.4541609287261963
loss: 1.2146649360656738
