Step: 178
accuracy: 0.4533005654811859
loss: 1.2162553071975708
