Step: 25
accuracy: 0.4424999952316284
loss: 1.235674262046814
