Step: 91
accuracy: 0.4416208863258362
loss: 1.2321810722351074
