Step: 133
accuracy: 0.4446663558483124
loss: 1.2238281965255737
