Step: 156
accuracy: 0.4481169879436493
loss: 1.221925139427185
