Step: 206
accuracy: 0.4566899240016937
loss: 1.2110947370529175
