Step: 126
accuracy: 0.4458085596561432
loss: 1.2244895696640015
