Step: 274
accuracy: 0.4623631238937378
loss: 1.2044332027435303
