Step: 32
accuracy: 0.439453125
loss: 1.2391200065612793
