Step: 29
accuracy: 0.44019395112991333
loss: 1.236861228942871
