Step: 88
accuracy: 0.4412287175655365
loss: 1.2338790893554688
