Step: 134
accuracy: 0.4449627101421356
loss: 1.2230404615402222
