Step: 267
accuracy: 0.4624882936477661
loss: 1.204216718673706
