Step: 99
accuracy: 0.4423926770687103
loss: 1.2306619882583618
