Step: 280
accuracy: 0.46238839626312256
loss: 1.2047219276428223
