Step: 71
accuracy: 0.44234153628349304
loss: 1.2387959957122803
