Step: 159
accuracy: 0.4475235641002655
loss: 1.2219276428222656
