Step: 36
accuracy: 0.4401041567325592
loss: 1.2370178699493408
