Step: 53
accuracy: 0.4404481053352356
loss: 1.2408145666122437
