Step: 213
accuracy: 0.4573063552379608
loss: 1.210384488105774
