Step: 256
accuracy: 0.46087646484375
loss: 1.2055914402008057
