Step: 30
accuracy: 0.4411458671092987
loss: 1.2358967065811157
