Step: 124
accuracy: 0.44619452953338623
loss: 1.2250959873199463
