Step: 163
accuracy: 0.44852375984191895
loss: 1.2202290296554565
