Step: 122
accuracy: 0.4451844394207001
loss: 1.2262605428695679
