Step: 264
accuracy: 0.46229875087738037
loss: 1.20482337474823
