Step: 255
accuracy: 0.46090683341026306
loss: 1.2056668996810913
