Step: 40
accuracy: 0.44257813692092896
loss: 1.236748456954956
