Step: 130
accuracy: 0.4448317289352417
loss: 1.223759651184082
