Step: 46
accuracy: 0.440557062625885
loss: 1.2396626472473145
