Step: 79
accuracy: 0.44185128808021545
loss: 1.2349088191986084
