Step: 184
accuracy: 0.4543987810611725
loss: 1.213505506515503
