Step: 83
accuracy: 0.44088858366012573
loss: 1.2351964712142944
