Step: 151
accuracy: 0.44629552960395813
loss: 1.2232166528701782
