Step: 147
accuracy: 0.44515305757522583
loss: 1.223558783531189
