Step: 98
accuracy: 0.44180482625961304
loss: 1.2306174039840698
