Step: 85
accuracy: 0.44117647409439087
loss: 1.2338911294937134
