Step: 234
accuracy: 0.4585336744785309
loss: 1.2082170248031616
