Step: 270
accuracy: 0.46296295523643494
loss: 1.203537940979004
