Step: 229
accuracy: 0.45756006240844727
loss: 1.2096840143203735
