Step: 197
accuracy: 0.45693209767341614
loss: 1.211233377456665
