Step: 268
accuracy: 0.4625699818134308
loss: 1.2038851976394653
