Step: 241
accuracy: 0.4593490958213806
loss: 1.2076597213745117
