Step: 102
accuracy: 0.44316789507865906
loss: 1.2301576137542725
