Step: 273
accuracy: 0.4626259207725525
loss: 1.2038967609405518
