Step: 200
accuracy: 0.4574218690395355
loss: 1.2109496593475342
