Step: 58
accuracy: 0.4426185190677643
loss: 1.2397258281707764
