Step: 138
accuracy: 0.44395381212234497
loss: 1.2246403694152832
