Step: 251
accuracy: 0.46059513092041016
loss: 1.2059557437896729
