Step: 281
accuracy: 0.46274465322494507
loss: 1.2043886184692383
