Step: 162
accuracy: 0.4483024775981903
loss: 1.2206389904022217
