Step: 265
accuracy: 0.46238207817077637
loss: 1.2047172784805298
