Step: 107
accuracy: 0.44392523169517517
loss: 1.228163480758667
