Step: 7
accuracy: 0.439732164144516
loss: 1.228472113609314
