Step: 44
accuracy: 0.4392755925655365
loss: 1.238822340965271
