Step: 247
accuracy: 0.45983046293258667
loss: 1.2071583271026611
