Step: 132
accuracy: 0.4443655014038086
loss: 1.2240140438079834
