Step: 198
accuracy: 0.4571496248245239
loss: 1.2110044956207275
