Step: 170
accuracy: 0.45073530077934265
loss: 1.218170166015625
