Step: 145
accuracy: 0.4447198212146759
loss: 1.2243967056274414
