Step: 242
accuracy: 0.45990443229675293
loss: 1.2072111368179321
