Step: 207
accuracy: 0.4572010934352875
loss: 1.2105621099472046
