Step: 160
accuracy: 0.4482421875
loss: 1.2210643291473389
