Step: 72
accuracy: 0.44140625
loss: 1.2389119863510132
