Step: 228
accuracy: 0.45792216062545776
loss: 1.2098278999328613
