Step: 218
accuracy: 0.45828554034233093
loss: 1.209352970123291
