Step: 169
accuracy: 0.4508136212825775
loss: 1.2182161808013916
