Step: 214
accuracy: 0.45735979080200195
loss: 1.2104465961456299
