Step: 235
accuracy: 0.45844414830207825
loss: 1.2081788778305054
