Step: 117
accuracy: 0.44391027092933655
loss: 1.2292238473892212
