Step: 201
accuracy: 0.45708954334259033
loss: 1.2111613750457764
