Step: 9
accuracy: 0.4513888955116272
loss: 1.2254022359848022
