Step: 43
accuracy: 0.43931686878204346
loss: 1.2385079860687256
