Step: 16
accuracy: 0.4501953125
loss: 1.221449613571167
