Step: 142
accuracy: 0.4443221688270569
loss: 1.2243173122406006
