Step: 60
accuracy: 0.5252604484558105
loss: 1.101196050643921
