Step: 204
accuracy: 0.522212028503418
loss: 1.103705644607544
