Step: 39
accuracy: 0.515625
loss: 1.1104073524475098
