Step: 150
accuracy: 0.5212499499320984
loss: 1.1061394214630127
