Step: 76
accuracy: 0.5213815569877625
loss: 1.1078131198883057
