Step: 91
accuracy: 0.5250687003135681
loss: 1.1036789417266846
