Step: 110
accuracy: 0.5252840518951416
loss: 1.1025729179382324
