Step: 149
accuracy: 0.521287739276886
loss: 1.1062976121902466
