Step: 163
accuracy: 0.5234854221343994
loss: 1.1029690504074097
