Step: 144
accuracy: 0.5217013955116272
loss: 1.1047173738479614
