Step: 105
accuracy: 0.5252976417541504
loss: 1.1040780544281006
