Step: 159
accuracy: 0.5226022005081177
loss: 1.1037991046905518
