Step: 174
accuracy: 0.5215517282485962
loss: 1.105530023574829
