Step: 116
accuracy: 0.5261314511299133
loss: 1.1004198789596558
