Step: 12
accuracy: 0.5091146230697632
loss: 1.1123228073120117
