Step: 229
accuracy: 0.5220387578010559
loss: 1.1053524017333984
