Step: 49
accuracy: 0.5223214030265808
loss: 1.103318214416504
