Step: 143
accuracy: 0.5226179957389832
loss: 1.1038345098495483
