Step: 180
accuracy: 0.5214409828186035
loss: 1.10456383228302
