Step: 142
accuracy: 0.5225571990013123
loss: 1.1036187410354614
