Step: 4
accuracy: 0.5078125
loss: 1.1185355186462402
