Step: 94
accuracy: 0.5237699151039124
loss: 1.1055752038955688
