Step: 54
accuracy: 0.5248842835426331
loss: 1.1022381782531738
