Step: 171
accuracy: 0.5226608514785767
loss: 1.1033594608306885
