Step: 156
accuracy: 0.5212339758872986
loss: 1.1051857471466064
