Step: 272
accuracy: 0.5241268277168274
loss: 1.1021167039871216
