Step: 21
accuracy: 0.5126488208770752
loss: 1.1183186769485474
