Step: 148
accuracy: 0.5217483043670654
loss: 1.1057573556900024
