Step: 264
accuracy: 0.523378312587738
loss: 1.1040401458740234
