Step: 59
accuracy: 0.5256885886192322
loss: 1.100652813911438
