Step: 63
accuracy: 0.5240575671195984
loss: 1.105141282081604
