Step: 147
accuracy: 0.521896243095398
loss: 1.1056383848190308
