Step: 261
accuracy: 0.5237069129943848
loss: 1.1035748720169067
