Step: 6
accuracy: 0.5026041865348816
loss: 1.1072001457214355
