Step: 77
accuracy: 0.5217126607894897
loss: 1.1081581115722656
