Step: 235
accuracy: 0.5228058099746704
loss: 1.1045904159545898
