Step: 173
accuracy: 0.522398829460144
loss: 1.104480266571045
