Step: 34
accuracy: 0.5206801295280457
loss: 1.1083184480667114
