Step: 103
accuracy: 0.5250303149223328
loss: 1.1045501232147217
