Step: 190
accuracy: 0.5208882093429565
loss: 1.1049169301986694
