Step: 206
accuracy: 0.5225273370742798
loss: 1.1035325527191162
