Step: 256
accuracy: 0.5238037109375
loss: 1.1036896705627441
