Step: 129
accuracy: 0.5238614082336426
loss: 1.1026225090026855
