Step: 146
accuracy: 0.5218321681022644
loss: 1.1058790683746338
