Step: 191
accuracy: 0.5216786861419678
loss: 1.1040412187576294
