Step: 7
accuracy: 0.5089285969734192
loss: 1.1071758270263672
