Step: 244
accuracy: 0.5231813788414001
loss: 1.1054435968399048
