Step: 277
accuracy: 0.5240861773490906
loss: 1.102061152458191
