Step: 14
accuracy: 0.504464328289032
loss: 1.1210074424743652
