Step: 220
accuracy: 0.5221590995788574
loss: 1.1050009727478027
