Step: 69
accuracy: 0.5242300629615784
loss: 1.1054444313049316
