Step: 162
accuracy: 0.5233410596847534
loss: 1.1030110120773315
