Step: 86
accuracy: 0.5248909592628479
loss: 1.1057331562042236
