Step: 75
accuracy: 0.5208333134651184
loss: 1.1095167398452759
