Step: 237
accuracy: 0.5234045386314392
loss: 1.1043134927749634
