Step: 132
accuracy: 0.5245028138160706
loss: 1.1018383502960205
