Step: 90
accuracy: 0.5251736044883728
loss: 1.1048997640609741
