Step: 179
accuracy: 0.521298885345459
loss: 1.1049473285675049
