Step: 145
accuracy: 0.5212284326553345
loss: 1.1056065559387207
