Step: 42
accuracy: 0.5163690447807312
loss: 1.1061853170394897
