Step: 80
accuracy: 0.5218750238418579
loss: 1.1083935499191284
