Step: 107
accuracy: 0.5243866443634033
loss: 1.1041566133499146
