Step: 106
accuracy: 0.5253537893295288
loss: 1.1039904356002808
