Step: 262
accuracy: 0.5233182311058044
loss: 1.1041640043258667
