Step: 66
accuracy: 0.5258049368858337
loss: 1.1026582717895508
