Step: 117
accuracy: 0.5257745981216431
loss: 1.100476861000061
