Step: 126
accuracy: 0.5256696939468384
loss: 1.1001373529434204
