Step: 185
accuracy: 0.520608127117157
loss: 1.1050467491149902
