Step: 78
accuracy: 0.5210336446762085
loss: 1.108496069908142
