Step: 209
accuracy: 0.5219049453735352
loss: 1.10445237159729
