Step: 30
accuracy: 0.5223958492279053
loss: 1.1087017059326172
