Step: 111
accuracy: 0.5257601737976074
loss: 1.1025915145874023
