Step: 222
accuracy: 0.5221706032752991
loss: 1.1052615642547607
