Step: 84
accuracy: 0.523251473903656
loss: 1.1069873571395874
