Step: 276
accuracy: 0.5240602493286133
loss: 1.1022531986236572
