Step: 202
accuracy: 0.5218130946159363
loss: 1.10402250289917
