Step: 170
accuracy: 0.5224264860153198
loss: 1.1035791635513306
