Step: 131
accuracy: 0.524093508720398
loss: 1.1025547981262207
