Step: 278
accuracy: 0.523943305015564
loss: 1.1022881269454956
