Step: 104
accuracy: 0.5247896909713745
loss: 1.1044652462005615
