Step: 71
accuracy: 0.5231074094772339
loss: 1.104979395866394
