Step: 40
accuracy: 0.517578125
loss: 1.1075633764266968
