Step: 165
accuracy: 0.5235795974731445
loss: 1.102632761001587
