Step: 113
accuracy: 0.5253041982650757
loss: 1.103128433227539
