Step: 195
accuracy: 0.5213141441345215
loss: 1.1038609743118286
