Step: 250
accuracy: 0.5233750343322754
loss: 1.104567050933838
