Step: 160
accuracy: 0.52294921875
loss: 1.1037836074829102
