Step: 98
accuracy: 0.5247129797935486
loss: 1.1050381660461426
