Step: 236
accuracy: 0.5229078531265259
loss: 1.1046357154846191
