Step: 223
accuracy: 0.5222113728523254
loss: 1.1052021980285645
