Step: 23
accuracy: 0.5197011232376099
loss: 1.1154427528381348
