Step: 243
accuracy: 0.5228909850120544
loss: 1.1056421995162964
