Step: 157
accuracy: 0.5213972926139832
loss: 1.1049696207046509
