Step: 169
accuracy: 0.5228365659713745
loss: 1.10331392288208
