Step: 73
accuracy: 0.5218321681022644
loss: 1.1073496341705322
