Step: 64
accuracy: 0.525146484375
loss: 1.103695273399353
