Step: 53
accuracy: 0.5247641801834106
loss: 1.102159857749939
