Step: 230
accuracy: 0.522622287273407
loss: 1.1048966646194458
