Step: 61
accuracy: 0.5251024961471558
loss: 1.1026544570922852
