Step: 214
accuracy: 0.521320104598999
loss: 1.1051839590072632
