Step: 281
accuracy: 0.5242993831634521
loss: 1.1021634340286255
