Step: 37
accuracy: 0.5160472989082336
loss: 1.1106553077697754
