Step: 253
accuracy: 0.5237154364585876
loss: 1.1037709712982178
