Step: 189
accuracy: 0.5208333730697632
loss: 1.1049835681915283
