Step: 240
accuracy: 0.5227214097976685
loss: 1.1053231954574585
