Step: 232
accuracy: 0.5223599076271057
loss: 1.1049284934997559
