Step: 13
accuracy: 0.504807710647583
loss: 1.1196869611740112
