Step: 45
accuracy: 0.518750011920929
loss: 1.1032981872558594
