Step: 217
accuracy: 0.5217453837394714
loss: 1.1047286987304688
