Step: 182
accuracy: 0.5211195349693298
loss: 1.1044868230819702
