Step: 83
accuracy: 0.523155152797699
loss: 1.1069289445877075
