Step: 72
accuracy: 0.5227864384651184
loss: 1.1064940690994263
