Step: 134
accuracy: 0.5244869589805603
loss: 1.102104663848877
