Step: 57
accuracy: 0.5268640518188477
loss: 1.1001856327056885
