Step: 33
accuracy: 0.5184658765792847
loss: 1.1105659008026123
