Step: 207
accuracy: 0.5218145847320557
loss: 1.104662537574768
