Step: 263
accuracy: 0.5235266089439392
loss: 1.103926420211792
