Step: 172
accuracy: 0.5222565531730652
loss: 1.103821873664856
