Step: 158
accuracy: 0.5218552350997925
loss: 1.1042475700378418
