Step: 245
accuracy: 0.5231505036354065
loss: 1.1054304838180542
