Step: 274
accuracy: 0.524406909942627
loss: 1.101709246635437
