Step: 93
accuracy: 0.524025559425354
loss: 1.105406403541565
