Step: 270
accuracy: 0.5242476463317871
loss: 1.1024138927459717
