Step: 27
accuracy: 0.5254629850387573
loss: 1.1034132242202759
