Step: 101
accuracy: 0.5238242745399475
loss: 1.1054680347442627
