Step: 260
accuracy: 0.5237980484962463
loss: 1.1036198139190674
