Step: 196
accuracy: 0.5210459232330322
loss: 1.10435152053833
