Step: 74
accuracy: 0.5217483043670654
loss: 1.1073704957962036
