Step: 183
accuracy: 0.5209187269210815
loss: 1.1046202182769775
