Step: 114
accuracy: 0.5259045958518982
loss: 1.1017963886260986
