Step: 115
accuracy: 0.5258151888847351
loss: 1.1012117862701416
