Step: 187
accuracy: 0.5207219123840332
loss: 1.1048104763031006
