Step: 266
accuracy: 0.5236724615097046
loss: 1.1032730340957642
