Step: 175
accuracy: 0.5215178728103638
loss: 1.1056482791900635
