Step: 47
accuracy: 0.5216090083122253
loss: 1.1028310060501099
