Step: 48
accuracy: 0.5205078125
loss: 1.1038522720336914
