Step: 96
accuracy: 0.5236002802848816
loss: 1.1057541370391846
