Step: 87
accuracy: 0.524784505367279
loss: 1.1068464517593384
