Step: 242
accuracy: 0.5228563547134399
loss: 1.1057764291763306
