Step: 85
accuracy: 0.523161768913269
loss: 1.1075726747512817
