Step: 52
accuracy: 0.5249398946762085
loss: 1.1030131578445435
