Step: 234
accuracy: 0.522569477558136
loss: 1.1047959327697754
