Step: 112
accuracy: 0.5256696939468384
loss: 1.1033881902694702
