Step: 166
accuracy: 0.5234375
loss: 1.1024788618087769
