Step: 68
accuracy: 0.5241268277168274
loss: 1.1054763793945312
