Step: 271
accuracy: 0.5243312120437622
loss: 1.1021205186843872
