Step: 18
accuracy: 0.5017361044883728
loss: 1.1298542022705078
