Step: 248
accuracy: 0.5233114957809448
loss: 1.1047587394714355
