Step: 197
accuracy: 0.5212563276290894
loss: 1.1044409275054932
