Step: 139
accuracy: 0.5227068066596985
loss: 1.1036196947097778
