Step: 89
accuracy: 0.525105357170105
loss: 1.105378270149231
