Step: 224
accuracy: 0.52197265625
loss: 1.1057026386260986
