Step: 36
accuracy: 0.5173611044883728
loss: 1.1090061664581299
