Step: 141
accuracy: 0.5229388475418091
loss: 1.1030378341674805
