Step: 92
accuracy: 0.5244565606117249
loss: 1.104103446006775
