Step: 109
accuracy: 0.5255160331726074
loss: 1.1029412746429443
