Step: 128
accuracy: 0.524169921875
loss: 1.1020917892456055
