Step: 11
accuracy: 0.5099431872367859
loss: 1.1132980585098267
