Step: 177
accuracy: 0.5216278433799744
loss: 1.1051640510559082
