Step: 233
accuracy: 0.5223309993743896
loss: 1.1048940420150757
