Step: 247
accuracy: 0.5233426094055176
loss: 1.1049621105194092
