Step: 257
accuracy: 0.5236502885818481
loss: 1.1035573482513428
