Step: 280
accuracy: 0.5241629481315613
loss: 1.1023156642913818
