Step: 38
accuracy: 0.5152138471603394
loss: 1.11116361618042
