Step: 44
accuracy: 0.5170454978942871
loss: 1.1054089069366455
