Step: 194
accuracy: 0.5211018323898315
loss: 1.1039986610412598
