Step: 201
accuracy: 0.5222325921058655
loss: 1.103916049003601
