Step: 205
accuracy: 0.5223323106765747
loss: 1.1033968925476074
