Step: 258
accuracy: 0.5238614082336426
loss: 1.1031304597854614
