Step: 212
accuracy: 0.5211527347564697
loss: 1.1050008535385132
