Step: 82
accuracy: 0.5222941637039185
loss: 1.1086621284484863
