Step: 231
accuracy: 0.522456705570221
loss: 1.104865550994873
