Step: 26
accuracy: 0.5240384936332703
loss: 1.1082671880722046
