Step: 28
accuracy: 0.5223214626312256
loss: 1.10689377784729
