Step: 127
accuracy: 0.5252214670181274
loss: 1.1008411645889282
