Step: 88
accuracy: 0.5241477489471436
loss: 1.1070985794067383
