Step: 200
accuracy: 0.5221093893051147
loss: 1.1041171550750732
