Step: 56
accuracy: 0.5245535969734192
loss: 1.103184461593628
