Step: 267
accuracy: 0.5240519642829895
loss: 1.1030185222625732
