Step: 99
accuracy: 0.5244633555412292
loss: 1.1051756143569946
