Step: 184
accuracy: 0.5208050608634949
loss: 1.1048948764801025
