Step: 108
accuracy: 0.5248842835426331
loss: 1.1039472818374634
