Step: 241
accuracy: 0.523016095161438
loss: 1.1054257154464722
