Step: 178
accuracy: 0.5215941071510315
loss: 1.1049203872680664
