Step: 238
accuracy: 0.5231092572212219
loss: 1.104665756225586
