Step: 10
accuracy: 0.5140625238418579
loss: 1.1074602603912354
