Step: 95
accuracy: 0.5236842036247253
loss: 1.105893611907959
