Step: 168
accuracy: 0.5229724645614624
loss: 1.1035425662994385
