Step: 135
accuracy: 0.5237268209457397
loss: 1.1029778718948364
