Step: 22
accuracy: 0.5198863744735718
loss: 1.1134090423583984
