Step: 198
accuracy: 0.5214646458625793
loss: 1.104368805885315
