Step: 137
accuracy: 0.5237226486206055
loss: 1.1027706861495972
