Step: 155
accuracy: 0.5215725898742676
loss: 1.104592204093933
