Step: 219
accuracy: 0.5219035744667053
loss: 1.1048896312713623
