Step: 176
accuracy: 0.5216619372367859
loss: 1.105040431022644
