Step: 211
accuracy: 0.5218454003334045
loss: 1.1044796705245972
