Step: 154
accuracy: 0.5219155550003052
loss: 1.105111002922058
