Step: 221
accuracy: 0.5225537419319153
loss: 1.1047382354736328
