Step: 81
accuracy: 0.522376537322998
loss: 1.107680320739746
