Step: 152
accuracy: 0.5210732221603394
loss: 1.1060717105865479
