Step: 5
accuracy: 0.49687501788139343
loss: 1.119104027748108
