Step: 273
accuracy: 0.5243246555328369
loss: 1.1018775701522827
