Step: 3
accuracy: 0.484375
loss: 1.1225452423095703
