Step: 153
accuracy: 0.5216503143310547
loss: 1.1055150032043457
