Step: 188
accuracy: 0.5209441184997559
loss: 1.1043680906295776
