Step: 70
accuracy: 0.5227678418159485
loss: 1.1057822704315186
