Step: 120
accuracy: 0.5260416865348816
loss: 1.0999999046325684
