Step: 29
accuracy: 0.522090494632721
loss: 1.1098055839538574
