Step: 254
accuracy: 0.5239295959472656
loss: 1.1037291288375854
