Step: 118
accuracy: 0.5267478823661804
loss: 1.099198818206787
