Step: 16
accuracy: 0.501953125
loss: 1.1262633800506592
