Step: 119
accuracy: 0.5257353186607361
loss: 1.1000698804855347
