Step: 181
accuracy: 0.5213225483894348
loss: 1.104203462600708
