Step: 151
accuracy: 0.5216266512870789
loss: 1.1055835485458374
