Step: 213
accuracy: 0.5212001204490662
loss: 1.1051058769226074
