Step: 203
accuracy: 0.5221675038337708
loss: 1.1036194562911987
