Step: 2
accuracy: 0.4609375
loss: 1.1436854600906372
