Step: 225
accuracy: 0.5220139026641846
loss: 1.1055208444595337
