Step: 17
accuracy: 0.4990808963775635
loss: 1.131115198135376
