Step: 193
accuracy: 0.5208873152732849
loss: 1.1042627096176147
