Step: 58
accuracy: 0.525053858757019
loss: 1.1014676094055176
