Step: 210
accuracy: 0.5221726298332214
loss: 1.1039458513259888
