Step: 259
accuracy: 0.5239502787590027
loss: 1.1033155918121338
