Step: 124
accuracy: 0.5257056355476379
loss: 1.1007018089294434
