Step: 249
accuracy: 0.523155152797699
loss: 1.1048389673233032
