Step: 97
accuracy: 0.5243234634399414
loss: 1.1051400899887085
