Step: 228
accuracy: 0.5222724676132202
loss: 1.1053426265716553
