Step: 122
accuracy: 0.5257428288459778
loss: 1.1003599166870117
