Step: 102
accuracy: 0.5246630311012268
loss: 1.1047329902648926
