Step: 268
accuracy: 0.5239039659500122
loss: 1.1028581857681274
