Step: 192
accuracy: 0.5213216543197632
loss: 1.104099988937378
