Step: 55
accuracy: 0.5269886255264282
loss: 1.1008358001708984
