Step: 100
accuracy: 0.5245312452316284
loss: 1.1049431562423706
