Step: 167
accuracy: 0.5230165123939514
loss: 1.1029901504516602
