Step: 269
accuracy: 0.524163544178009
loss: 1.1025644540786743
