Step: 123
accuracy: 0.5251525044441223
loss: 1.1010793447494507
