Step: 31
accuracy: 0.5231854915618896
loss: 1.1070735454559326
