Step: 32
accuracy: 0.52197265625
loss: 1.108779788017273
