Step: 136
accuracy: 0.5237821936607361
loss: 1.1024278402328491
