Step: 65
accuracy: 0.5254807472229004
loss: 1.1029363870620728
