Step: 130
accuracy: 0.5237980484962463
loss: 1.1030503511428833
