Step: 239
accuracy: 0.5224895477294922
loss: 1.1054667234420776
