Step: 275
accuracy: 0.5243750214576721
loss: 1.1018517017364502
