Step: 24
accuracy: 0.5247396230697632
loss: 1.1111654043197632
