Step: 9
accuracy: 0.5173611044883728
loss: 1.0999622344970703
