Step: 79
accuracy: 0.5223497152328491
loss: 1.10744309425354
