Step: 227
accuracy: 0.5221640467643738
loss: 1.1057302951812744
