Step: 164
accuracy: 0.5232469439506531
loss: 1.10288667678833
