Step: 215
accuracy: 0.5216569900512695
loss: 1.1049870252609253
