Step: 255
accuracy: 0.5240195989608765
loss: 1.103459358215332
