Step: 216
accuracy: 0.5215567350387573
loss: 1.1049772500991821
