Step: 218
accuracy: 0.521860659122467
loss: 1.1044424772262573
