Step: 8
accuracy: 0.51953125
loss: 1.0965220928192139
