Step: 41
accuracy: 0.5186737775802612
loss: 1.1053181886672974
