Step: 208
accuracy: 0.5220102071762085
loss: 1.1045137643814087
