Step: 186
accuracy: 0.5205813050270081
loss: 1.1047804355621338
