Step: 226
accuracy: 0.5221930146217346
loss: 1.1055964231491089
