Step: 133
accuracy: 0.5242011547088623
loss: 1.1021734476089478
