Step: 279
accuracy: 0.5239135026931763
loss: 1.1025564670562744
