Step: 138
accuracy: 0.5236639380455017
loss: 1.1030892133712769
