Step: 121
accuracy: 0.5262138247489929
loss: 1.0999994277954102
