Step: 251
accuracy: 0.5235931277275085
loss: 1.104186773300171
