Step: 25
accuracy: 0.5237500071525574
loss: 1.1111630201339722
