Step: 19
accuracy: 0.5090460777282715
loss: 1.1222738027572632
