Step: 50
accuracy: 0.5221874713897705
loss: 1.1039925813674927
