Step: 20
accuracy: 0.510937511920929
loss: 1.1201709508895874
