Step: 140
accuracy: 0.5231027007102966
loss: 1.1031526327133179
