Step: 51
accuracy: 0.5229779481887817
loss: 1.1048226356506348
