Step: 15
accuracy: 0.5072916746139526
loss: 1.1200177669525146
