Step: 252
accuracy: 0.5240575671195984
loss: 1.1035774946212769
