Step: 46
accuracy: 0.51902174949646
loss: 1.1052193641662598
