Step: 161
accuracy: 0.522806704044342
loss: 1.1037648916244507
