Step: 265
accuracy: 0.5232900977134705
loss: 1.1039094924926758
