Step: 125
accuracy: 0.5256250500679016
loss: 1.1006243228912354
