Step: 282
accuracy: 0.5242222547531128
loss: 1.102387547492981
