Step: 246
accuracy: 0.522865891456604
loss: 1.1055760383605957
