Step: 67
accuracy: 0.5244869589805603
loss: 1.1045424938201904
