Step: 62
accuracy: 0.5252016186714172
loss: 1.1031029224395752
