Step: 43
accuracy: 0.515625
loss: 1.104663372039795
