Step: 199
accuracy: 0.5217493772506714
loss: 1.1045600175857544
