Step: 113
accuracy: 0.5369192361831665
loss: 1.0823172330856323
