Step: 5
accuracy: 0.565625011920929
loss: 1.092035174369812
