Step: 220
accuracy: 0.539630651473999
loss: 1.075414776802063
