Step: 79
accuracy: 0.5397547483444214
loss: 1.0828039646148682
