Step: 179
accuracy: 0.5417248606681824
loss: 1.0755618810653687
