Step: 21
accuracy: 0.5327380895614624
loss: 1.0862529277801514
