Step: 119
accuracy: 0.5358456373214722
loss: 1.082011342048645
