Step: 160
accuracy: 0.5400390625
loss: 1.0789397954940796
