Step: 114
accuracy: 0.5361841917037964
loss: 1.0839083194732666
