Step: 137
accuracy: 0.5384352207183838
loss: 1.0804791450500488
