Step: 258
accuracy: 0.5412427186965942
loss: 1.071708083152771
