Step: 84
accuracy: 0.5412946343421936
loss: 1.0785272121429443
