Step: 48
accuracy: 0.53515625
loss: 1.0912415981292725
