Step: 107
accuracy: 0.5392815470695496
loss: 1.0793334245681763
