Step: 246
accuracy: 0.5407139658927917
loss: 1.072391152381897
