Step: 88
accuracy: 0.5406605005264282
loss: 1.0808275938034058
