Step: 265
accuracy: 0.5416273474693298
loss: 1.0703034400939941
