Step: 215
accuracy: 0.5404070019721985
loss: 1.074602723121643
