Step: 201
accuracy: 0.5402674078941345
loss: 1.0755949020385742
