Step: 51
accuracy: 0.5364583730697632
loss: 1.0899477005004883
