Step: 189
accuracy: 0.541914701461792
loss: 1.0748934745788574
