Step: 227
accuracy: 0.5395098924636841
loss: 1.0746257305145264
