Step: 168
accuracy: 0.5406436324119568
loss: 1.0779489278793335
