Step: 96
accuracy: 0.53955078125
loss: 1.0799307823181152
