Step: 101
accuracy: 0.5392945408821106
loss: 1.0793484449386597
