Step: 124
accuracy: 0.5362902879714966
loss: 1.0829967260360718
