Step: 55
accuracy: 0.5369318127632141
loss: 1.0880942344665527
