Step: 93
accuracy: 0.539818525314331
loss: 1.0794917345046997
