Step: 195
accuracy: 0.5406250357627869
loss: 1.0755314826965332
