Step: 78
accuracy: 0.5388621687889099
loss: 1.084120750427246
