Step: 90
accuracy: 0.5401041507720947
loss: 1.0803735256195068
