Step: 138
accuracy: 0.5381566882133484
loss: 1.0812181234359741
