Step: 249
accuracy: 0.541039228439331
loss: 1.072073221206665
