Step: 269
accuracy: 0.5418796539306641
loss: 1.0697470903396606
