Step: 73
accuracy: 0.5398116111755371
loss: 1.0812361240386963
