Step: 6
accuracy: 0.5651041865348816
loss: 1.0971872806549072
