Step: 4
accuracy: 0.55078125
loss: 1.105846881866455
