Step: 173
accuracy: 0.5408236980438232
loss: 1.077292799949646
