Step: 86
accuracy: 0.5403342843055725
loss: 1.080456256866455
