Step: 155
accuracy: 0.540725827217102
loss: 1.0785021781921387
