Step: 193
accuracy: 0.5412889122962952
loss: 1.0755069255828857
