Step: 165
accuracy: 0.5402462482452393
loss: 1.0786938667297363
