Step: 45
accuracy: 0.5326389074325562
loss: 1.089523434638977
