Step: 187
accuracy: 0.5417780876159668
loss: 1.075673222541809
