Step: 123
accuracy: 0.5358232259750366
loss: 1.0827105045318604
