Step: 237
accuracy: 0.5405459403991699
loss: 1.073291301727295
