Step: 178
accuracy: 0.541959285736084
loss: 1.0754280090332031
