Step: 112
accuracy: 0.5368303656578064
loss: 1.0825432538986206
