Step: 167
accuracy: 0.5406063199043274
loss: 1.0781880617141724
