Step: 122
accuracy: 0.535732626914978
loss: 1.0823756456375122
