Step: 87
accuracy: 0.5407686829566956
loss: 1.0801680088043213
