Step: 140
accuracy: 0.5381696224212646
loss: 1.081743597984314
