Step: 50
accuracy: 0.535937488079071
loss: 1.0902374982833862
