Step: 270
accuracy: 0.5417245030403137
loss: 1.0701839923858643
