Step: 161
accuracy: 0.5398874282836914
loss: 1.0791782140731812
