Step: 108
accuracy: 0.5386284589767456
loss: 1.0804351568222046
