Step: 36
accuracy: 0.5199652910232544
loss: 1.0996357202529907
