Step: 61
accuracy: 0.5412397980690002
loss: 1.0838693380355835
