Step: 106
accuracy: 0.5392099022865295
loss: 1.0796399116516113
