Step: 152
accuracy: 0.5406044721603394
loss: 1.0801597833633423
