Step: 29
accuracy: 0.5242456793785095
loss: 1.0960891246795654
