Step: 25
accuracy: 0.5224999785423279
loss: 1.0957030057907104
