Step: 183
accuracy: 0.5424351096153259
loss: 1.0745598077774048
