Step: 241
accuracy: 0.5403916239738464
loss: 1.0729128122329712
