Step: 76
accuracy: 0.5390625
loss: 1.0828073024749756
