Step: 70
accuracy: 0.5428571701049805
loss: 1.0790042877197266
