Step: 257
accuracy: 0.5414640307426453
loss: 1.0711946487426758
