Step: 192
accuracy: 0.5414225459098816
loss: 1.075194001197815
