Step: 208
accuracy: 0.539888858795166
loss: 1.0751457214355469
