Step: 147
accuracy: 0.5408163070678711
loss: 1.0796829462051392
