Step: 47
accuracy: 0.5342420339584351
loss: 1.0902104377746582
