Step: 204
accuracy: 0.5400582551956177
loss: 1.0752527713775635
