Step: 212
accuracy: 0.5397258400917053
loss: 1.0753501653671265
