Step: 256
accuracy: 0.54144287109375
loss: 1.0714527368545532
