Step: 58
accuracy: 0.5398706793785095
loss: 1.084686517715454
