Step: 230
accuracy: 0.539877712726593
loss: 1.0740671157836914
