Step: 259
accuracy: 0.541505753993988
loss: 1.0712279081344604
