Step: 132
accuracy: 0.5381155014038086
loss: 1.0809575319290161
