Step: 121
accuracy: 0.5352530479431152
loss: 1.0826342105865479
