Step: 233
accuracy: 0.5399678349494934
loss: 1.0738948583602905
