Step: 16
accuracy: 0.5234375
loss: 1.0988857746124268
