Step: 211
accuracy: 0.5400622487068176
loss: 1.0749043226242065
