Step: 273
accuracy: 0.5424679517745972
loss: 1.0696007013320923
