Step: 77
accuracy: 0.5393669009208679
loss: 1.0825703144073486
