Step: 247
accuracy: 0.540549099445343
loss: 1.0726401805877686
