Step: 243
accuracy: 0.5407664775848389
loss: 1.072511076927185
