Step: 28
accuracy: 0.5228794813156128
loss: 1.0968142747879028
