Step: 105
accuracy: 0.5386905074119568
loss: 1.079060435295105
