Step: 118
accuracy: 0.5362817645072937
loss: 1.0818665027618408
