Step: 276
accuracy: 0.5422894358634949
loss: 1.0698975324630737
