Step: 222
accuracy: 0.5394144058227539
loss: 1.0750997066497803
