Step: 196
accuracy: 0.5408163070678711
loss: 1.075103998184204
