Step: 234
accuracy: 0.5400641560554504
loss: 1.0740034580230713
