Step: 2
accuracy: 0.53125
loss: 1.0959689617156982
