Step: 239
accuracy: 0.5407295823097229
loss: 1.0728849172592163
