Step: 229
accuracy: 0.5397789478302002
loss: 1.074324131011963
