Step: 252
accuracy: 0.540860652923584
loss: 1.0719935894012451
