Step: 274
accuracy: 0.5422559380531311
loss: 1.0696979761123657
