Step: 228
accuracy: 0.539336621761322
loss: 1.0749940872192383
