Step: 43
accuracy: 0.53125
loss: 1.0920360088348389
