Step: 162
accuracy: 0.5404127836227417
loss: 1.078302025794983
