Step: 26
accuracy: 0.5186298489570618
loss: 1.0987859964370728
