Step: 35
accuracy: 0.5214285850524902
loss: 1.097588300704956
