Step: 57
accuracy: 0.5386513471603394
loss: 1.0853078365325928
