Step: 34
accuracy: 0.5234375
loss: 1.0980883836746216
