Step: 267
accuracy: 0.541959285736084
loss: 1.0698516368865967
