Step: 144
accuracy: 0.5406901240348816
loss: 1.0800861120224
