Step: 116
accuracy: 0.5362338423728943
loss: 1.0829370021820068
