Step: 74
accuracy: 0.5388513207435608
loss: 1.0821983814239502
