Step: 37
accuracy: 0.5223817229270935
loss: 1.097021460533142
