Step: 11
accuracy: 0.5326704978942871
loss: 1.0936640501022339
