Step: 166
accuracy: 0.5405685305595398
loss: 1.078527569770813
