Step: 200
accuracy: 0.5407812595367432
loss: 1.074974536895752
