Step: 143
accuracy: 0.540756106376648
loss: 1.0796066522598267
