Step: 260
accuracy: 0.5418269038200378
loss: 1.0709950923919678
