Step: 282
accuracy: 0.5421666502952576
loss: 1.069520354270935
