Step: 130
accuracy: 0.5376201868057251
loss: 1.0819437503814697
