Step: 216
accuracy: 0.5406539440155029
loss: 1.0744037628173828
