Step: 210
accuracy: 0.5398065447807312
loss: 1.0752774477005005
