Step: 31
accuracy: 0.524193525314331
loss: 1.0950950384140015
