Step: 240
accuracy: 0.5406250357627869
loss: 1.0725723505020142
