Step: 98
accuracy: 0.5409757494926453
loss: 1.0777279138565063
