Step: 158
accuracy: 0.540842592716217
loss: 1.0783005952835083
