Step: 149
accuracy: 0.5404781699180603
loss: 1.0792236328125
