Step: 67
accuracy: 0.5433768630027771
loss: 1.0777838230133057
