Step: 268
accuracy: 0.541627824306488
loss: 1.070176601409912
