Step: 69
accuracy: 0.5430253744125366
loss: 1.0793179273605347
