Step: 53
accuracy: 0.536261796951294
loss: 1.0899808406829834
