Step: 170
accuracy: 0.5412684082984924
loss: 1.07707679271698
