Step: 157
accuracy: 0.5406051278114319
loss: 1.0784039497375488
