Step: 91
accuracy: 0.5391483902931213
loss: 1.0811450481414795
