Step: 184
accuracy: 0.541864812374115
loss: 1.0752627849578857
