Step: 97
accuracy: 0.5394652485847473
loss: 1.0800929069519043
