Step: 75
accuracy: 0.5387499928474426
loss: 1.0829750299453735
