Step: 194
accuracy: 0.5406733751296997
loss: 1.0757490396499634
