Step: 110
accuracy: 0.5376420021057129
loss: 1.0822181701660156
