Step: 109
accuracy: 0.5382740497589111
loss: 1.0813930034637451
