Step: 17
accuracy: 0.5284926295280457
loss: 1.0913584232330322
