Step: 80
accuracy: 0.539257824420929
loss: 1.0829757452011108
