Step: 146
accuracy: 0.540560781955719
loss: 1.0800403356552124
