Step: 30
accuracy: 0.5255208611488342
loss: 1.0951741933822632
