Step: 231
accuracy: 0.5398403406143188
loss: 1.073935627937317
