Step: 245
accuracy: 0.5408163070678711
loss: 1.0721889734268188
