Step: 68
accuracy: 0.54296875
loss: 1.079127550125122
