Step: 100
accuracy: 0.539843738079071
loss: 1.0782768726348877
