Step: 248
accuracy: 0.5408266186714172
loss: 1.0725419521331787
