Step: 126
accuracy: 0.5367063879966736
loss: 1.0826194286346436
