Step: 14
accuracy: 0.5334821939468384
loss: 1.0928748846054077
