Step: 159
accuracy: 0.540683925151825
loss: 1.078675627708435
