Step: 203
accuracy: 0.5401015877723694
loss: 1.0751745700836182
