Step: 27
accuracy: 0.5214120149612427
loss: 1.0996499061584473
