Step: 188
accuracy: 0.5419713854789734
loss: 1.075054407119751
