Step: 207
accuracy: 0.5401570200920105
loss: 1.075291395187378
