Step: 275
accuracy: 0.5421590805053711
loss: 1.069939374923706
