Step: 127
accuracy: 0.5375245809555054
loss: 1.0813331604003906
