Step: 202
accuracy: 0.5403001308441162
loss: 1.075350046157837
