Step: 266
accuracy: 0.5415883660316467
loss: 1.0703535079956055
