Step: 115
accuracy: 0.5358695387840271
loss: 1.0830727815628052
