Step: 181
accuracy: 0.5423860549926758
loss: 1.0744891166687012
