Step: 133
accuracy: 0.537711501121521
loss: 1.0810918807983398
