Step: 174
accuracy: 0.5410380959510803
loss: 1.0773134231567383
