Step: 82
accuracy: 0.539634108543396
loss: 1.0815761089324951
