Step: 277
accuracy: 0.5424187779426575
loss: 1.069841742515564
