Step: 49
accuracy: 0.5363520383834839
loss: 1.0878288745880127
