Step: 153
accuracy: 0.5407475829124451
loss: 1.0798211097717285
