Step: 33
accuracy: 0.5241476893424988
loss: 1.098190188407898
