Step: 163
accuracy: 0.5400689840316772
loss: 1.0787843465805054
