Step: 13
accuracy: 0.5300480723381042
loss: 1.1019494533538818
