Step: 38
accuracy: 0.5238487124443054
loss: 1.097617745399475
