Step: 41
accuracy: 0.5266768336296082
loss: 1.0945947170257568
