Step: 59
accuracy: 0.5423728823661804
loss: 1.0825169086456299
