Step: 226
accuracy: 0.5394082069396973
loss: 1.0746963024139404
