Step: 219
accuracy: 0.5398116707801819
loss: 1.0755062103271484
