Step: 20
accuracy: 0.5296875238418579
loss: 1.091558814048767
