Step: 81
accuracy: 0.5385802388191223
loss: 1.0832545757293701
