Step: 148
accuracy: 0.5408572554588318
loss: 1.079254150390625
