Step: 263
accuracy: 0.5418251156806946
loss: 1.0703239440917969
