Step: 65
accuracy: 0.5423076748847961
loss: 1.0815002918243408
