Step: 182
accuracy: 0.5424965620040894
loss: 1.0741668939590454
