Step: 83
accuracy: 0.5402861833572388
loss: 1.0801098346710205
