Step: 197
accuracy: 0.5403711795806885
loss: 1.0757278203964233
