Step: 64
accuracy: 0.541259765625
loss: 1.0834825038909912
