Step: 135
accuracy: 0.5380786657333374
loss: 1.0806472301483154
