Step: 23
accuracy: 0.5258152484893799
loss: 1.0958038568496704
