Step: 242
accuracy: 0.5405474901199341
loss: 1.0727952718734741
