Step: 218
accuracy: 0.5401375889778137
loss: 1.07524836063385
