Step: 254
accuracy: 0.5414615869522095
loss: 1.0714703798294067
