Step: 44
accuracy: 0.5319602489471436
loss: 1.0903549194335938
