Step: 22
accuracy: 0.5284091234207153
loss: 1.0912131071090698
