Step: 94
accuracy: 0.5395611524581909
loss: 1.0799992084503174
