Step: 95
accuracy: 0.5389803051948547
loss: 1.080936312675476
