Step: 279
accuracy: 0.5423387289047241
loss: 1.0697441101074219
