Step: 177
accuracy: 0.5418432354927063
loss: 1.075622320175171
