Step: 52
accuracy: 0.5372596383094788
loss: 1.0884714126586914
