Step: 255
accuracy: 0.5415440797805786
loss: 1.0715574026107788
