Step: 214
accuracy: 0.5405957698822021
loss: 1.074565052986145
