Step: 264
accuracy: 0.5417258143424988
loss: 1.0702135562896729
