Step: 129
accuracy: 0.5376695990562439
loss: 1.0821491479873657
