Step: 111
accuracy: 0.5368806719779968
loss: 1.0822323560714722
