Step: 54
accuracy: 0.5358796119689941
loss: 1.0902448892593384
