Step: 56
accuracy: 0.5373884439468384
loss: 1.0872759819030762
