Step: 185
accuracy: 0.5420608520507812
loss: 1.0753141641616821
