Step: 71
accuracy: 0.5411531329154968
loss: 1.0806747674942017
