Step: 32
accuracy: 0.52294921875
loss: 1.0980045795440674
