Step: 66
accuracy: 0.5419033765792847
loss: 1.0808159112930298
