Step: 224
accuracy: 0.539620578289032
loss: 1.0745803117752075
