Step: 128
accuracy: 0.537841796875
loss: 1.0814754962921143
