Step: 164
accuracy: 0.5401104688644409
loss: 1.0785824060440063
