Step: 225
accuracy: 0.5395833253860474
loss: 1.0744967460632324
