Step: 244
accuracy: 0.5407274961471558
loss: 1.0724788904190063
