Step: 7
accuracy: 0.5535714626312256
loss: 1.0899802446365356
