Step: 72
accuracy: 0.5407986044883728
loss: 1.0814554691314697
