Step: 142
accuracy: 0.5397226810455322
loss: 1.0805165767669678
