Step: 171
accuracy: 0.5407529473304749
loss: 1.0778260231018066
