Step: 89
accuracy: 0.5400280952453613
loss: 1.0806140899658203
