Step: 278
accuracy: 0.5425471663475037
loss: 1.06991708278656
