Step: 235
accuracy: 0.5398271083831787
loss: 1.073939323425293
