Step: 120
accuracy: 0.5358073115348816
loss: 1.082218885421753
