Step: 15
accuracy: 0.5291666984558105
loss: 1.0957058668136597
