Step: 12
accuracy: 0.52734375
loss: 1.101492166519165
