Step: 24
accuracy: 0.5227864980697632
loss: 1.0988423824310303
