Step: 99
accuracy: 0.5404040217399597
loss: 1.0779597759246826
