Step: 180
accuracy: 0.5419270992279053
loss: 1.0752595663070679
