Step: 40
accuracy: 0.5234375
loss: 1.0978940725326538
