Step: 117
accuracy: 0.5364583730697632
loss: 1.082157015800476
