Step: 150
accuracy: 0.5412499904632568
loss: 1.0789856910705566
