Step: 281
accuracy: 0.5422597527503967
loss: 1.0695915222167969
