Step: 236
accuracy: 0.5400556325912476
loss: 1.0737658739089966
