Step: 262
accuracy: 0.5416865348815918
loss: 1.0707683563232422
