Step: 131
accuracy: 0.5378100872039795
loss: 1.0816925764083862
