Step: 92
accuracy: 0.5402513742446899
loss: 1.0791571140289307
