Step: 223
accuracy: 0.5396580696105957
loss: 1.0747429132461548
