Step: 154
accuracy: 0.5409902334213257
loss: 1.0790969133377075
