Step: 18
accuracy: 0.5260416865348816
loss: 1.0946742296218872
