Step: 199
accuracy: 0.5403580069541931
loss: 1.0753132104873657
