Step: 251
accuracy: 0.5412101745605469
loss: 1.0717315673828125
