Step: 191
accuracy: 0.5417212247848511
loss: 1.0750566720962524
