Step: 42
accuracy: 0.5290178656578064
loss: 1.0931603908538818
