Step: 102
accuracy: 0.538449764251709
loss: 1.0788264274597168
