Step: 104
accuracy: 0.5387620329856873
loss: 1.0791198015213013
