Step: 176
accuracy: 0.5414595603942871
loss: 1.0764427185058594
