Step: 145
accuracy: 0.540409505367279
loss: 1.0804939270019531
