Step: 141
accuracy: 0.5391179323196411
loss: 1.0808937549591064
