Step: 46
accuracy: 0.5339673757553101
loss: 1.0903977155685425
