Step: 156
accuracy: 0.5410656929016113
loss: 1.07858407497406
