Step: 272
accuracy: 0.5419347286224365
loss: 1.06998872756958
