Step: 10
accuracy: 0.546875
loss: 1.0885528326034546
