Step: 209
accuracy: 0.5401465892791748
loss: 1.0750230550765991
