Step: 60
accuracy: 0.5408854484558105
loss: 1.0837228298187256
