Step: 1
accuracy: 0.53125
loss: 1.1704024076461792
