Step: 175
accuracy: 0.5416964292526245
loss: 1.0768333673477173
