Step: 217
accuracy: 0.5408266186714172
loss: 1.0742377042770386
