Step: 136
accuracy: 0.5386029481887817
loss: 1.0801516771316528
