Step: 85
accuracy: 0.5409926772117615
loss: 1.0798684358596802
