Step: 139
accuracy: 0.5379945635795593
loss: 1.0818555355072021
