Step: 190
accuracy: 0.5418585538864136
loss: 1.0747778415679932
