Step: 238
accuracy: 0.5406381487846375
loss: 1.0730133056640625
