Step: 62
accuracy: 0.5405746102333069
loss: 1.0847830772399902
