Step: 19
accuracy: 0.5287829041481018
loss: 1.089780569076538
