Step: 39
accuracy: 0.5228365659713745
loss: 1.097594976425171
