Step: 261
accuracy: 0.5416666865348816
loss: 1.071063756942749
