Step: 125
accuracy: 0.5370000004768372
loss: 1.0822833776474
