Step: 151
accuracy: 0.5409768223762512
loss: 1.079308032989502
