Step: 103
accuracy: 0.5385315418243408
loss: 1.0793168544769287
