Step: 253
accuracy: 0.5411314368247986
loss: 1.0718193054199219
