Step: 186
accuracy: 0.5420867204666138
loss: 1.075272560119629
