Step: 206
accuracy: 0.5402002334594727
loss: 1.0751335620880127
