Step: 250
accuracy: 0.5411249995231628
loss: 1.0719698667526245
