Step: 134
accuracy: 0.5377798676490784
loss: 1.08047616481781
