Step: 63
accuracy: 0.5421627163887024
loss: 1.0824211835861206
