Step: 169
accuracy: 0.5410503149032593
loss: 1.0774554014205933
