Step: 221
accuracy: 0.5395928025245667
loss: 1.0751910209655762
