Step: 232
accuracy: 0.5401400923728943
loss: 1.0735360383987427
