Step: 198
accuracy: 0.5402461886405945
loss: 1.0757503509521484
