Step: 3
accuracy: 0.546875
loss: 1.0962895154953003
