Step: 9
accuracy: 0.5486111044883728
loss: 1.0882214307785034
