Step: 213
accuracy: 0.5401995182037354
loss: 1.0747309923171997
