Step: 205
accuracy: 0.5400152206420898
loss: 1.0751675367355347
