Step: 271
accuracy: 0.5420318245887756
loss: 1.0701062679290771
