Step: 172
accuracy: 0.5406068563461304
loss: 1.0777238607406616
