Step: 280
accuracy: 0.5424107313156128
loss: 1.0697121620178223
