Step: 102
accuracy: 0.5677083730697632
loss: 1.0234612226486206
