Step: 165
accuracy: 0.5682765245437622
loss: 1.021467924118042
