Step: 91
accuracy: 0.5661057829856873
loss: 1.023640513420105
