Step: 249
accuracy: 0.5687124133110046
loss: 1.0164321660995483
