Step: 44
accuracy: 0.5706676244735718
loss: 1.0323231220245361
