Step: 157
accuracy: 0.5695660710334778
loss: 1.0202630758285522
