Step: 5
accuracy: 0.5687500238418579
loss: 1.0275312662124634
