Step: 133
accuracy: 0.5694314241409302
loss: 1.0196880102157593
