Step: 262
accuracy: 0.5682252049446106
loss: 1.0169742107391357
