Step: 25
accuracy: 0.5575000047683716
loss: 1.0489670038223267
