Step: 269
accuracy: 0.569063663482666
loss: 1.0163216590881348
