Step: 251
accuracy: 0.568600594997406
loss: 1.0161857604980469
