Step: 201
accuracy: 0.5679415464401245
loss: 1.0193440914154053
