Step: 125
accuracy: 0.5690000057220459
loss: 1.0214980840682983
