Step: 112
accuracy: 0.5693359375
loss: 1.0210801362991333
