Step: 19
accuracy: 0.5699013471603394
loss: 1.0330843925476074
