Step: 250
accuracy: 0.5684375166893005
loss: 1.016591191291809
