Step: 1
accuracy: 0.59375
loss: 1.0319119691848755
