Step: 2
accuracy: 0.578125
loss: 1.026979684829712
