Step: 227
accuracy: 0.5683507323265076
loss: 1.018105387687683
