Step: 61
accuracy: 0.5660861134529114
loss: 1.0284281969070435
