Step: 62
accuracy: 0.5680443644523621
loss: 1.0259605646133423
