Step: 220
accuracy: 0.5693891644477844
loss: 1.0175498723983765
