Step: 107
accuracy: 0.5684871077537537
loss: 1.022377610206604
