Step: 163
accuracy: 0.5683473944664001
loss: 1.021345853805542
