Step: 21
accuracy: 0.5595238208770752
loss: 1.0472170114517212
