Step: 226
accuracy: 0.5684458017349243
loss: 1.0178097486495972
