Step: 211
accuracy: 0.5701273679733276
loss: 1.0166813135147095
