Step: 142
accuracy: 0.5684418678283691
loss: 1.0216847658157349
