Step: 53
accuracy: 0.567511796951294
loss: 1.0336313247680664
