Step: 31
accuracy: 0.5665322542190552
loss: 1.036331057548523
