Step: 187
accuracy: 0.5671791434288025
loss: 1.0212481021881104
