Step: 100
accuracy: 0.5681250095367432
loss: 1.0235459804534912
