Step: 176
accuracy: 0.5690696239471436
loss: 1.0200958251953125
