Step: 257
accuracy: 0.5674853920936584
loss: 1.0179786682128906
