Step: 137
accuracy: 0.5684306621551514
loss: 1.0205206871032715
