Step: 140
accuracy: 0.5686383843421936
loss: 1.0209267139434814
