Step: 84
accuracy: 0.5660342574119568
loss: 1.0248959064483643
