Step: 35
accuracy: 0.5705357193946838
loss: 1.0309104919433594
