Step: 240
accuracy: 0.5701823234558105
loss: 1.0157126188278198
