Step: 56
accuracy: 0.5672433376312256
loss: 1.0309844017028809
