Step: 99
accuracy: 0.5673926472663879
loss: 1.024239420890808
