Step: 252
accuracy: 0.5685144066810608
loss: 1.016292691230774
