Step: 132
accuracy: 0.5696022510528564
loss: 1.0198602676391602
