Step: 97
accuracy: 0.5666881799697876
loss: 1.0249460935592651
