Step: 30
accuracy: 0.5645833611488342
loss: 1.038897156715393
