Step: 198
accuracy: 0.5675504803657532
loss: 1.0199402570724487
