Step: 129
accuracy: 0.5695251822471619
loss: 1.0198729038238525
