Step: 47
accuracy: 0.5721409320831299
loss: 1.0288586616516113
