Step: 79
accuracy: 0.564280092716217
loss: 1.0275307893753052
