Step: 188
accuracy: 0.5679853558540344
loss: 1.020455241203308
