Step: 29
accuracy: 0.5614224076271057
loss: 1.0416738986968994
