Step: 177
accuracy: 0.5690324902534485
loss: 1.0205068588256836
