Step: 13
accuracy: 0.5661057829856873
loss: 1.0387452840805054
