Step: 16
accuracy: 0.56640625
loss: 1.0342040061950684
