Step: 272
accuracy: 0.5682445168495178
loss: 1.0172892808914185
