Step: 7
accuracy: 0.5602678656578064
loss: 1.0403693914413452
