Step: 266
accuracy: 0.5684328079223633
loss: 1.0171754360198975
