Step: 85
accuracy: 0.5659926533699036
loss: 1.0240546464920044
