Step: 184
accuracy: 0.56861412525177
loss: 1.020418405532837
