Step: 9
accuracy: 0.578125
loss: 1.0209800004959106
