Step: 115
accuracy: 0.5692934393882751
loss: 1.0207115411758423
