Step: 81
accuracy: 0.5644290447235107
loss: 1.0264643430709839
