Step: 218
accuracy: 0.5698107481002808
loss: 1.017430305480957
