Step: 282
accuracy: 0.5683333277702332
loss: 1.017115831375122
