Step: 122
accuracy: 0.5699282884597778
loss: 1.0212510824203491
