Step: 8
accuracy: 0.57421875
loss: 1.0224730968475342
