Step: 63
accuracy: 0.5672123432159424
loss: 1.0261785984039307
