Step: 82
accuracy: 0.5649771094322205
loss: 1.0257254838943481
