Step: 149
accuracy: 0.5686870813369751
loss: 1.0215131044387817
