Step: 154
accuracy: 0.569399356842041
loss: 1.0211313962936401
