Step: 121
accuracy: 0.5697313547134399
loss: 1.0209800004959106
