Step: 164
accuracy: 0.5678353309631348
loss: 1.021543264389038
