Step: 222
accuracy: 0.5691159963607788
loss: 1.0174341201782227
