Step: 180
accuracy: 0.5690972208976746
loss: 1.0196081399917603
