Step: 86
accuracy: 0.5657703280448914
loss: 1.0240648984909058
