Step: 36
accuracy: 0.5707465410232544
loss: 1.0316604375839233
