Step: 46
accuracy: 0.5730298757553101
loss: 1.0286900997161865
