Step: 48
accuracy: 0.5699869990348816
loss: 1.0303263664245605
