Step: 281
accuracy: 0.5684497356414795
loss: 1.0169382095336914
