Step: 28
accuracy: 0.5613839626312256
loss: 1.0436217784881592
