Step: 103
accuracy: 0.5678094625473022
loss: 1.0232793092727661
