Step: 213
accuracy: 0.5700557827949524
loss: 1.017146348953247
