Step: 189
accuracy: 0.5679563879966736
loss: 1.020006775856018
