Step: 98
accuracy: 0.5671237111091614
loss: 1.024529218673706
