Step: 34
accuracy: 0.5693933963775635
loss: 1.0326844453811646
