Step: 234
accuracy: 0.5695779919624329
loss: 1.0159236192703247
