Step: 135
accuracy: 0.5687499642372131
loss: 1.0203498601913452
