Step: 45
accuracy: 0.5715277791023254
loss: 1.030943512916565
