Step: 74
accuracy: 0.5637668371200562
loss: 1.0299060344696045
