Step: 69
accuracy: 0.5656703114509583
loss: 1.0273746252059937
