Step: 109
accuracy: 0.568090558052063
loss: 1.0228569507598877
