Step: 174
accuracy: 0.5682471394538879
loss: 1.0208604335784912
