Step: 138
accuracy: 0.56861412525177
loss: 1.0204222202301025
