Step: 113
accuracy: 0.5689988732337952
loss: 1.021034598350525
