Step: 231
accuracy: 0.5691288113594055
loss: 1.0169488191604614
