Step: 22
accuracy: 0.5582386255264282
loss: 1.0506073236465454
