Step: 148
accuracy: 0.5685176849365234
loss: 1.022180199623108
