Step: 236
accuracy: 0.5697166323661804
loss: 1.015829086303711
