Step: 229
accuracy: 0.5686408281326294
loss: 1.0174801349639893
