Step: 27
accuracy: 0.5607638955116272
loss: 1.044786810874939
