Step: 33
accuracy: 0.5681818127632141
loss: 1.0333878993988037
