Step: 200
accuracy: 0.5676562190055847
loss: 1.0193922519683838
