Step: 228
accuracy: 0.5686677694320679
loss: 1.0176340341567993
