Step: 59
accuracy: 0.5659428238868713
loss: 1.02969491481781
