Step: 276
accuracy: 0.5682178735733032
loss: 1.0172412395477295
