Step: 215
accuracy: 0.5700581669807434
loss: 1.0175483226776123
