Step: 278
accuracy: 0.5684015154838562
loss: 1.0170265436172485
