Step: 20
accuracy: 0.5648437738418579
loss: 1.0391576290130615
