Step: 214
accuracy: 0.5699474215507507
loss: 1.0175042152404785
