Step: 68
accuracy: 0.5677849054336548
loss: 1.0259708166122437
