Step: 179
accuracy: 0.5690467953681946
loss: 1.019989252090454
