Step: 175
accuracy: 0.5683928728103638
loss: 1.0205016136169434
