Step: 17
accuracy: 0.5680146813392639
loss: 1.035618782043457
