Step: 207
accuracy: 0.5689160823822021
loss: 1.0176721811294556
