Step: 114
accuracy: 0.5689418911933899
loss: 1.0209394693374634
