Step: 120
accuracy: 0.5700520873069763
loss: 1.0203783512115479
