Step: 208
accuracy: 0.5693359375
loss: 1.0170555114746094
