Step: 139
accuracy: 0.5685701370239258
loss: 1.020939588546753
