Step: 159
accuracy: 0.5691823959350586
loss: 1.020148754119873
