Step: 101
accuracy: 0.5677598714828491
loss: 1.023898959159851
