Step: 237
accuracy: 0.5700158476829529
loss: 1.0153143405914307
