Step: 158
accuracy: 0.5689280033111572
loss: 1.0205106735229492
