Step: 260
accuracy: 0.5677283406257629
loss: 1.0177621841430664
