Step: 60
accuracy: 0.56640625
loss: 1.0285658836364746
