Step: 111
accuracy: 0.568412184715271
loss: 1.0229990482330322
