Step: 75
accuracy: 0.5639582872390747
loss: 1.0287147760391235
