Step: 124
accuracy: 0.5682963728904724
loss: 1.021975040435791
