Step: 39
accuracy: 0.5737179517745972
loss: 1.0292174816131592
