Step: 271
accuracy: 0.5687269568443298
loss: 1.0164859294891357
