Step: 11
accuracy: 0.5710227489471436
loss: 1.037300705909729
