Step: 171
accuracy: 0.5696272253990173
loss: 1.0189547538757324
