Step: 248
accuracy: 0.5682963728904724
loss: 1.017040491104126
