Step: 94
accuracy: 0.5661569237709045
loss: 1.024158239364624
