Step: 181
accuracy: 0.5685428380966187
loss: 1.0208431482315063
