Step: 264
accuracy: 0.5682410001754761
loss: 1.0174379348754883
