Step: 126
accuracy: 0.569444477558136
loss: 1.0206817388534546
