Step: 105
accuracy: 0.5677083730697632
loss: 1.0225712060928345
