Step: 96
accuracy: 0.56689453125
loss: 1.0238947868347168
