Step: 110
accuracy: 0.5678977370262146
loss: 1.0234202146530151
