Step: 153
accuracy: 0.5690359473228455
loss: 1.0211490392684937
