Step: 156
accuracy: 0.5696113705635071
loss: 1.020588994026184
