Step: 202
accuracy: 0.5683013796806335
loss: 1.018694281578064
