Step: 77
accuracy: 0.564326286315918
loss: 1.0286251306533813
