Step: 118
accuracy: 0.5703125
loss: 1.0195163488388062
