Step: 55
accuracy: 0.5681818127632141
loss: 1.030787467956543
