Step: 14
accuracy: 0.5602678656578064
loss: 1.0426647663116455
