Step: 57
accuracy: 0.5674341917037964
loss: 1.029739499092102
