Step: 267
accuracy: 0.5684105753898621
loss: 1.0171972513198853
