Step: 243
accuracy: 0.5695731043815613
loss: 1.015831470489502
