Step: 270
accuracy: 0.5686342716217041
loss: 1.0165047645568848
