Step: 204
accuracy: 0.5687806606292725
loss: 1.0181807279586792
