Step: 4
accuracy: 0.57421875
loss: 1.0089709758758545
