Step: 161
accuracy: 0.5684200525283813
loss: 1.0213173627853394
