Step: 116
accuracy: 0.5692349076271057
loss: 1.020522117614746
