Step: 191
accuracy: 0.5674901604652405
loss: 1.0198110342025757
