Step: 173
accuracy: 0.5684609413146973
loss: 1.0206665992736816
