Step: 241
accuracy: 0.5700855851173401
loss: 1.0153188705444336
