Step: 58
accuracy: 0.5670797228813171
loss: 1.030147910118103
