Step: 88
accuracy: 0.5671164989471436
loss: 1.0225874185562134
