Step: 67
accuracy: 0.5664646029472351
loss: 1.0282039642333984
