Step: 274
accuracy: 0.5681455135345459
loss: 1.0176126956939697
