Step: 224
accuracy: 0.5684989094734192
loss: 1.018082857131958
