Step: 182
accuracy: 0.5689389109611511
loss: 1.0199129581451416
