Step: 78
accuracy: 0.5647035241127014
loss: 1.0280547142028809
