Step: 12
accuracy: 0.5703125
loss: 1.0364972352981567
