Step: 72
accuracy: 0.5638020634651184
loss: 1.0301491022109985
