Step: 245
accuracy: 0.5689412951469421
loss: 1.0165969133377075
