Step: 143
accuracy: 0.5682910680770874
loss: 1.0216633081436157
