Step: 268
accuracy: 0.5684468746185303
loss: 1.017296314239502
