Step: 106
accuracy: 0.5681014060974121
loss: 1.022525668144226
