Step: 41
accuracy: 0.5731707215309143
loss: 1.0280600786209106
