Step: 172
accuracy: 0.5685864686965942
loss: 1.0200785398483276
