Step: 49
accuracy: 0.5685586333274841
loss: 1.0325103998184204
