Step: 144
accuracy: 0.5686848759651184
loss: 1.0213223695755005
