Step: 273
accuracy: 0.5683379173278809
loss: 1.0174833536148071
