Step: 190
accuracy: 0.5677632093429565
loss: 1.019663691520691
