Step: 256
accuracy: 0.5677490234375
loss: 1.0176585912704468
