Step: 230
accuracy: 0.5688179135322571
loss: 1.0173089504241943
