Step: 192
accuracy: 0.5673828125
loss: 1.0197257995605469
