Step: 242
accuracy: 0.56992506980896
loss: 1.015726089477539
