Step: 253
accuracy: 0.5682436227798462
loss: 1.0166341066360474
