Step: 247
accuracy: 0.5686994194984436
loss: 1.0165146589279175
