Step: 71
accuracy: 0.5644806027412415
loss: 1.0280002355575562
