Step: 134
accuracy: 0.5687966346740723
loss: 1.0203088521957397
