Step: 170
accuracy: 0.5692095756530762
loss: 1.0191434621810913
