Step: 206
accuracy: 0.5689471960067749
loss: 1.0177358388900757
