Step: 66
accuracy: 0.5658143758773804
loss: 1.0290272235870361
