Step: 225
accuracy: 0.5684027671813965
loss: 1.0179113149642944
