Step: 178
accuracy: 0.569083571434021
loss: 1.0202449560165405
