Step: 42
accuracy: 0.5721726417541504
loss: 1.0308817625045776
