Step: 261
accuracy: 0.5680675506591797
loss: 1.0172970294952393
