Step: 73
accuracy: 0.563998281955719
loss: 1.0293689966201782
