Step: 152
accuracy: 0.5687705874443054
loss: 1.020943522453308
