Step: 166
accuracy: 0.5688064694404602
loss: 1.0208860635757446
