Step: 141
accuracy: 0.5684840679168701
loss: 1.0215562582015991
