Step: 64
accuracy: 0.56787109375
loss: 1.0266845226287842
