Step: 93
accuracy: 0.5668683052062988
loss: 1.0229159593582153
