Step: 259
accuracy: 0.5678088665008545
loss: 1.0179133415222168
