Step: 3
accuracy: 0.59375
loss: 0.9950138926506042
