Step: 223
accuracy: 0.5687360167503357
loss: 1.0182428359985352
