Step: 52
accuracy: 0.5688101053237915
loss: 1.03302800655365
