Step: 277
accuracy: 0.5681971907615662
loss: 1.0175598859786987
