Step: 117
accuracy: 0.5705128312110901
loss: 1.019334077835083
