Step: 168
accuracy: 0.5697544813156128
loss: 1.019149899482727
