Step: 37
accuracy: 0.5701013207435608
loss: 1.0313886404037476
