Step: 186
accuracy: 0.5679603219032288
loss: 1.020769476890564
