Step: 89
accuracy: 0.5660112500190735
loss: 1.0241190195083618
