Step: 50
accuracy: 0.567187488079071
loss: 1.032711148262024
