Step: 195
accuracy: 0.5679487586021423
loss: 1.019479513168335
