Step: 194
accuracy: 0.5674936175346375
loss: 1.0200546979904175
