Step: 235
accuracy: 0.5694148540496826
loss: 1.016196846961975
