Step: 83
accuracy: 0.5655120611190796
loss: 1.0254158973693848
