Step: 221
accuracy: 0.5690752267837524
loss: 1.0177441835403442
