Step: 219
accuracy: 0.5699914693832397
loss: 1.016953706741333
