Step: 160
accuracy: 0.5687500238418579
loss: 1.020390510559082
