Step: 244
accuracy: 0.5698002576828003
loss: 1.0159904956817627
