Step: 147
accuracy: 0.5684523582458496
loss: 1.0220110416412354
