Step: 254
accuracy: 0.5679134130477905
loss: 1.0172443389892578
