Step: 54
accuracy: 0.5688657164573669
loss: 1.030867576599121
