Step: 238
accuracy: 0.5699186325073242
loss: 1.0156086683273315
