Step: 210
accuracy: 0.5703125
loss: 1.0164095163345337
