Step: 216
accuracy: 0.569444477558136
loss: 1.0183608531951904
