Step: 197
accuracy: 0.5676554441452026
loss: 1.0195826292037964
