Step: 193
accuracy: 0.5676813721656799
loss: 1.0194238424301147
