Step: 38
accuracy: 0.5731908082962036
loss: 1.0289369821548462
