Step: 205
accuracy: 0.5688261985778809
loss: 1.0179529190063477
