Step: 43
accuracy: 0.5701308250427246
loss: 1.0332211256027222
