Step: 155
accuracy: 0.569455623626709
loss: 1.021003246307373
