Step: 26
accuracy: 0.5576923489570618
loss: 1.050803542137146
