Step: 24
accuracy: 0.5572916865348816
loss: 1.0519264936447144
