Step: 150
accuracy: 0.5689582824707031
loss: 1.021069049835205
