Step: 127
accuracy: 0.5692667365074158
loss: 1.0206221342086792
