Step: 32
accuracy: 0.56884765625
loss: 1.035228967666626
