Step: 203
accuracy: 0.5684267282485962
loss: 1.0187783241271973
