Step: 76
accuracy: 0.5647615194320679
loss: 1.0286341905593872
