Step: 90
accuracy: 0.5659722089767456
loss: 1.0237423181533813
