Step: 280
accuracy: 0.5683035850524902
loss: 1.0171005725860596
