Step: 239
accuracy: 0.5700182914733887
loss: 1.0157147645950317
