Step: 87
accuracy: 0.5666307210922241
loss: 1.0234005451202393
