Step: 131
accuracy: 0.5688215494155884
loss: 1.020805835723877
