Step: 95
accuracy: 0.5666118860244751
loss: 1.0238757133483887
