Step: 80
accuracy: 0.564453125
loss: 1.0270484685897827
