Step: 167
accuracy: 0.569330096244812
loss: 1.0201126337051392
