Step: 255
accuracy: 0.5676470398902893
loss: 1.0178701877593994
