Step: 258
accuracy: 0.5675871968269348
loss: 1.0183496475219727
