Step: 279
accuracy: 0.5683243870735168
loss: 1.0170148611068726
