Step: 246
accuracy: 0.568661093711853
loss: 1.0166360139846802
