Step: 212
accuracy: 0.5696491599082947
loss: 1.017513394355774
