Step: 119
accuracy: 0.5706408023834229
loss: 1.0195696353912354
