Step: 275
accuracy: 0.5681250095367432
loss: 1.0174933671951294
