Step: 18
accuracy: 0.5677083134651184
loss: 1.0343977212905884
