Step: 104
accuracy: 0.567307710647583
loss: 1.0230262279510498
