Step: 199
accuracy: 0.5673680901527405
loss: 1.0200458765029907
