Step: 123
accuracy: 0.5689787268638611
loss: 1.0219378471374512
