Step: 108
accuracy: 0.5679976940155029
loss: 1.0231825113296509
