Step: 169
accuracy: 0.5694341659545898
loss: 1.0194107294082642
