Step: 265
accuracy: 0.5684552192687988
loss: 1.017205834388733
