Step: 263
accuracy: 0.5682628154754639
loss: 1.0171408653259277
