Step: 51
accuracy: 0.5667892098426819
loss: 1.033799171447754
