Step: 70
accuracy: 0.565625011920929
loss: 1.0271270275115967
