Step: 128
accuracy: 0.5701904296875
loss: 1.0196759700775146
