Step: 10
accuracy: 0.574999988079071
loss: 1.0230458974838257
