Step: 185
accuracy: 0.5682432651519775
loss: 1.020720362663269
