Step: 162
accuracy: 0.568383514881134
loss: 1.0216121673583984
