Step: 209
accuracy: 0.5700508952140808
loss: 1.016408920288086
