Step: 145
accuracy: 0.5683189630508423
loss: 1.022053599357605
