Step: 233
accuracy: 0.5693401098251343
loss: 1.016335129737854
