Step: 196
accuracy: 0.5675222873687744
loss: 1.020018219947815
