Step: 92
accuracy: 0.567255437374115
loss: 1.0225597620010376
