Step: 40
accuracy: 0.571093738079071
loss: 1.0312341451644897
