Step: 65
accuracy: 0.5670673251152039
loss: 1.027228593826294
