Step: 146
accuracy: 0.568493127822876
loss: 1.0220052003860474
