Step: 136
accuracy: 0.568359375
loss: 1.020943284034729
