Step: 151
accuracy: 0.5685016512870789
loss: 1.0216622352600098
