Step: 23
accuracy: 0.5557065606117249
loss: 1.05368173122406
