Step: 6
accuracy: 0.5598958730697632
loss: 1.037019968032837
