Step: 217
accuracy: 0.5697004795074463
loss: 1.0178523063659668
