Step: 183
accuracy: 0.5686475038528442
loss: 1.0201067924499512
