Step: 232
accuracy: 0.5696390271186829
loss: 1.0162456035614014
