Step: 130
accuracy: 0.5691105723381042
loss: 1.0202341079711914
