Step: 122
accuracy: 0.49923157691955566
loss: 1.1488741636276245
