Step: 69
accuracy: 0.48799818754196167
loss: 1.1613503694534302
