Step: 271
accuracy: 0.4979243576526642
loss: 1.1476750373840332
