Step: 117
accuracy: 0.4981303811073303
loss: 1.150550127029419
