Step: 118
accuracy: 0.49801376461982727
loss: 1.1507093906402588
