Step: 151
accuracy: 0.4963783025741577
loss: 1.1502292156219482
