Step: 282
accuracy: 0.49766668677330017
loss: 1.1478869915008545
