Step: 264
accuracy: 0.49715906381607056
loss: 1.1482971906661987
