Step: 228
accuracy: 0.4975329041481018
loss: 1.1490027904510498
