Step: 24
accuracy: 0.484375
loss: 1.1631042957305908
