Step: 71
accuracy: 0.48767605423927307
loss: 1.1608332395553589
