Step: 137
accuracy: 0.49817517399787903
loss: 1.1494488716125488
