Step: 268
accuracy: 0.49725982546806335
loss: 1.148210883140564
