Step: 43
accuracy: 0.48001453280448914
loss: 1.1627976894378662
