Step: 149
accuracy: 0.497168630361557
loss: 1.1488003730773926
