Step: 55
accuracy: 0.48607954382896423
loss: 1.1581270694732666
