Step: 141
accuracy: 0.4981161653995514
loss: 1.1489428281784058
