Step: 195
accuracy: 0.4982371926307678
loss: 1.1499998569488525
