Step: 67
accuracy: 0.4895056188106537
loss: 1.159407138824463
