Step: 81
accuracy: 0.4920910596847534
loss: 1.160220742225647
