Step: 70
accuracy: 0.4877232313156128
loss: 1.161859393119812
