Step: 48
accuracy: 0.4827474057674408
loss: 1.1615312099456787
