Step: 274
accuracy: 0.49800410866737366
loss: 1.147878885269165
