Step: 189
accuracy: 0.49884262681007385
loss: 1.1495870351791382
