Step: 138
accuracy: 0.49830162525177
loss: 1.1493728160858154
