Step: 154
accuracy: 0.49705761671066284
loss: 1.1498632431030273
