Step: 140
accuracy: 0.4983258843421936
loss: 1.1486271619796753
