Step: 206
accuracy: 0.4995449185371399
loss: 1.1476985216140747
