Step: 174
accuracy: 0.4989224076271057
loss: 1.1486589908599854
