Step: 210
accuracy: 0.4996280074119568
loss: 1.1469837427139282
