Step: 192
accuracy: 0.498291015625
loss: 1.1501762866973877
