Step: 170
accuracy: 0.49797794222831726
loss: 1.1493297815322876
