Step: 176
accuracy: 0.49857956171035767
loss: 1.1487902402877808
