Step: 100
accuracy: 0.4948437511920929
loss: 1.157514214515686
