Step: 153
accuracy: 0.49642565846443176
loss: 1.150397539138794
