Step: 161
accuracy: 0.49825310707092285
loss: 1.1492115259170532
