Step: 184
accuracy: 0.49949049949645996
loss: 1.1477752923965454
