Step: 91
accuracy: 0.49416211247444153
loss: 1.1587655544281006
