Step: 135
accuracy: 0.49780091643333435
loss: 1.149080514907837
