Step: 125
accuracy: 0.5007500052452087
loss: 1.1471880674362183
