Step: 98
accuracy: 0.49410074949264526
loss: 1.1595699787139893
