Step: 177
accuracy: 0.49841102957725525
loss: 1.1492000818252563
