Step: 131
accuracy: 0.49880725145339966
loss: 1.1483664512634277
