Step: 276
accuracy: 0.4980751872062683
loss: 1.1475434303283691
