Step: 241
accuracy: 0.49747151136398315
loss: 1.1489179134368896
