Step: 102
accuracy: 0.49555760622024536
loss: 1.1564487218856812
