Step: 110
accuracy: 0.4967329502105713
loss: 1.1533191204071045
