Step: 37
accuracy: 0.478462815284729
loss: 1.1668641567230225
