Step: 5
accuracy: 0.46562501788139343
loss: 1.1500409841537476
