Step: 31
accuracy: 0.48034271597862244
loss: 1.1612011194229126
