Step: 144
accuracy: 0.4970703125
loss: 1.1488109827041626
