Step: 79
accuracy: 0.4914952516555786
loss: 1.1588071584701538
