Step: 45
accuracy: 0.48402780294418335
loss: 1.1599432229995728
