Step: 190
accuracy: 0.4982730448246002
loss: 1.150248646736145
