Step: 146
accuracy: 0.49732449650764465
loss: 1.1494125127792358
