Step: 220
accuracy: 0.49801135063171387
loss: 1.1491879224777222
