Step: 99
accuracy: 0.49416035413742065
loss: 1.1586333513259888
