Step: 217
accuracy: 0.49863192439079285
loss: 1.1485601663589478
