Step: 83
accuracy: 0.4911521375179291
loss: 1.1614878177642822
