Step: 164
accuracy: 0.4979992210865021
loss: 1.1488754749298096
