Step: 106
accuracy: 0.4973466992378235
loss: 1.1538814306259155
