Step: 182
accuracy: 0.49914148449897766
loss: 1.148715615272522
