Step: 272
accuracy: 0.498046875
loss: 1.147735357284546
