Step: 280
accuracy: 0.49771204590797424
loss: 1.1479384899139404
