Step: 123
accuracy: 0.5001270771026611
loss: 1.1480973958969116
