Step: 96
accuracy: 0.4938151240348816
loss: 1.1589797735214233
