Step: 267
accuracy: 0.4971325099468231
loss: 1.1485905647277832
