Step: 231
accuracy: 0.4977678656578064
loss: 1.148589015007019
