Step: 93
accuracy: 0.4937835931777954
loss: 1.158249855041504
