Step: 114
accuracy: 0.49684759974479675
loss: 1.1527560949325562
