Step: 111
accuracy: 0.49676239490509033
loss: 1.153607726097107
