Step: 257
accuracy: 0.4972641170024872
loss: 1.1484702825546265
