Step: 158
accuracy: 0.49723103642463684
loss: 1.1496416330337524
