Step: 92
accuracy: 0.49405571818351746
loss: 1.1580156087875366
