Step: 162
accuracy: 0.49845680594444275
loss: 1.1487481594085693
