Step: 101
accuracy: 0.49504950642585754
loss: 1.158146858215332
