Step: 219
accuracy: 0.4981450140476227
loss: 1.1491552591323853
