Step: 29
accuracy: 0.4832974076271057
loss: 1.160899043083191
