Step: 54
accuracy: 0.48553240299224854
loss: 1.159316897392273
