Step: 11
accuracy: 0.4886363744735718
loss: 1.1581225395202637
