Step: 75
accuracy: 0.48895829916000366
loss: 1.1596804857254028
