Step: 232
accuracy: 0.4979121685028076
loss: 1.1481696367263794
