Step: 35
accuracy: 0.4799107313156128
loss: 1.1661049127578735
