Step: 53
accuracy: 0.4870283007621765
loss: 1.1572099924087524
