Step: 47
accuracy: 0.4820478558540344
loss: 1.1612193584442139
