Step: 191
accuracy: 0.49844568967819214
loss: 1.1500179767608643
