Step: 147
accuracy: 0.49670493602752686
loss: 1.1497008800506592
