Step: 124
accuracy: 0.5006300210952759
loss: 1.1468409299850464
