Step: 8
accuracy: 0.498046875
loss: 1.1529737710952759
