Step: 16
accuracy: 0.486328125
loss: 1.1601104736328125
