Step: 181
accuracy: 0.49905043840408325
loss: 1.1487616300582886
