Step: 214
accuracy: 0.49883174896240234
loss: 1.1481651067733765
