Step: 275
accuracy: 0.49801138043403625
loss: 1.1477988958358765
