Step: 169
accuracy: 0.49852070212364197
loss: 1.1484514474868774
