Step: 249
accuracy: 0.49648597836494446
loss: 1.1495260000228882
