Step: 126
accuracy: 0.5004960894584656
loss: 1.1463805437088013
