Step: 36
accuracy: 0.4813368022441864
loss: 1.1648988723754883
