Step: 193
accuracy: 0.49862372875213623
loss: 1.1496084928512573
