Step: 269
accuracy: 0.49721190333366394
loss: 1.1485017538070679
