Step: 237
accuracy: 0.49808812141418457
loss: 1.1486361026763916
