Step: 204
accuracy: 0.4990808963775635
loss: 1.1487033367156982
