Step: 244
accuracy: 0.4970543384552002
loss: 1.1493724584579468
