Step: 251
accuracy: 0.4968874752521515
loss: 1.1484040021896362
