Step: 172
accuracy: 0.4988190531730652
loss: 1.1485475301742554
