Step: 97
accuracy: 0.4933956563472748
loss: 1.1595216989517212
