Step: 107
accuracy: 0.49707943201065063
loss: 1.1545062065124512
