Step: 261
accuracy: 0.4971264600753784
loss: 1.1486233472824097
