Step: 21
accuracy: 0.4858630895614624
loss: 1.1592930555343628
