Step: 1
accuracy: 0.390625
loss: 1.2155179977416992
