Step: 136
accuracy: 0.49781709909439087
loss: 1.1491013765335083
