Step: 223
accuracy: 0.4981082081794739
loss: 1.1487727165222168
