Step: 209
accuracy: 0.49992525577545166
loss: 1.1471455097198486
