Step: 46
accuracy: 0.4802989363670349
loss: 1.1611300706863403
