Step: 208
accuracy: 0.49962443113327026
loss: 1.1476821899414062
