Step: 34
accuracy: 0.4797794222831726
loss: 1.164864182472229
