Step: 2
accuracy: 0.4296875
loss: 1.2007461786270142
