Step: 278
accuracy: 0.4978641867637634
loss: 1.147693157196045
