Step: 207
accuracy: 0.4996225833892822
loss: 1.147879719734192
