Step: 68
accuracy: 0.48943015933036804
loss: 1.1598132848739624
