Step: 165
accuracy: 0.49782198667526245
loss: 1.1486362218856812
