Step: 89
accuracy: 0.4929775297641754
loss: 1.1592625379562378
