Step: 186
accuracy: 0.4994959533214569
loss: 1.148295283317566
