Step: 148
accuracy: 0.4968327581882477
loss: 1.1493788957595825
