Step: 185
accuracy: 0.49932432174682617
loss: 1.1482230424880981
