Step: 39
accuracy: 0.48076924681663513
loss: 1.1617255210876465
