Step: 253
accuracy: 0.49703559279441833
loss: 1.1483858823776245
