Step: 58
accuracy: 0.4873383641242981
loss: 1.157058835029602
