Step: 230
accuracy: 0.49769020080566406
loss: 1.1489641666412354
