Step: 38
accuracy: 0.47985199093818665
loss: 1.164057731628418
