Step: 157
accuracy: 0.496914803981781
loss: 1.149734377861023
