Step: 159
accuracy: 0.4981328547000885
loss: 1.14876389503479
