Step: 86
accuracy: 0.49309593439102173
loss: 1.1594643592834473
