Step: 61
accuracy: 0.48949798941612244
loss: 1.1568372249603271
