Step: 218
accuracy: 0.49849480390548706
loss: 1.1486701965332031
