Step: 60
accuracy: 0.4882812798023224
loss: 1.1568738222122192
