Step: 160
accuracy: 0.49833986163139343
loss: 1.14864981174469
