Step: 266
accuracy: 0.49694550037384033
loss: 1.148721694946289
