Step: 150
accuracy: 0.4964583218097687
loss: 1.1494789123535156
