Step: 252
accuracy: 0.4970238506793976
loss: 1.1485265493392944
