Step: 260
accuracy: 0.496935099363327
loss: 1.1487749814987183
