Step: 234
accuracy: 0.4976629614830017
loss: 1.1486907005310059
