Step: 259
accuracy: 0.4969232678413391
loss: 1.1486847400665283
