Step: 115
accuracy: 0.49673911929130554
loss: 1.1526834964752197
