Step: 52
accuracy: 0.4873798191547394
loss: 1.1563218832015991
