Step: 33
accuracy: 0.48153406381607056
loss: 1.1633821725845337
