Step: 76
accuracy: 0.49013158679008484
loss: 1.1588561534881592
