Step: 4
accuracy: 0.4609375
loss: 1.1585936546325684
