Step: 127
accuracy: 0.4992617964744568
loss: 1.1470664739608765
