Step: 57
accuracy: 0.48766449093818665
loss: 1.1567459106445312
