Step: 113
accuracy: 0.49626660346984863
loss: 1.1541084051132202
