Step: 10
accuracy: 0.49531251192092896
loss: 1.1534197330474854
