Step: 236
accuracy: 0.49781516194343567
loss: 1.1488066911697388
