Step: 197
accuracy: 0.4990482032299042
loss: 1.1491508483886719
