Step: 17
accuracy: 0.48253676295280457
loss: 1.1643532514572144
