Step: 12
accuracy: 0.4895833432674408
loss: 1.15555739402771
