Step: 56
accuracy: 0.4874442219734192
loss: 1.1566691398620605
