Step: 44
accuracy: 0.48046875
loss: 1.1620416641235352
