Step: 225
accuracy: 0.4979861378669739
loss: 1.148935079574585
