Step: 42
accuracy: 0.4795387089252472
loss: 1.1636738777160645
