Step: 152
accuracy: 0.4966077208518982
loss: 1.1503483057022095
