Step: 49
accuracy: 0.4827806055545807
loss: 1.160271406173706
