Step: 134
accuracy: 0.4981343448162079
loss: 1.1483708620071411
