Step: 15
accuracy: 0.48645836114883423
loss: 1.1553832292556763
