Step: 145
accuracy: 0.4977370798587799
loss: 1.1485109329223633
