Step: 27
accuracy: 0.484375
loss: 1.1636039018630981
