Step: 246
accuracy: 0.49726882576942444
loss: 1.1490981578826904
