Step: 84
accuracy: 0.4916294813156128
loss: 1.1615850925445557
