Step: 194
accuracy: 0.49806705117225647
loss: 1.1500921249389648
