Step: 72
accuracy: 0.4895833432674408
loss: 1.158689022064209
