Step: 22
accuracy: 0.48295456171035767
loss: 1.1636409759521484
