Step: 171
accuracy: 0.4976242780685425
loss: 1.1498860120773315
