Step: 112
accuracy: 0.4960937798023224
loss: 1.1537854671478271
