Step: 103
accuracy: 0.49605584144592285
loss: 1.1556040048599243
