Step: 28
accuracy: 0.4849330484867096
loss: 1.1615585088729858
