Step: 119
accuracy: 0.49803048372268677
loss: 1.1501150131225586
