Step: 156
accuracy: 0.4964943826198578
loss: 1.150052547454834
