Step: 82
accuracy: 0.4914252758026123
loss: 1.1611464023590088
