Step: 41
accuracy: 0.47751522064208984
loss: 1.1646143198013306
