Step: 179
accuracy: 0.49860337376594543
loss: 1.1490991115570068
