Step: 85
accuracy: 0.49246323108673096
loss: 1.1607176065444946
