Step: 73
accuracy: 0.48865580558776855
loss: 1.1587064266204834
