Step: 63
accuracy: 0.488839328289032
loss: 1.1601256132125854
