Step: 163
accuracy: 0.4985620975494385
loss: 1.14837646484375
