Step: 180
accuracy: 0.4988715350627899
loss: 1.1488491296768188
