Step: 279
accuracy: 0.4977038502693176
loss: 1.1479113101959229
