Step: 227
accuracy: 0.4979349970817566
loss: 1.148868441581726
