Step: 254
accuracy: 0.4969242215156555
loss: 1.1485363245010376
