Step: 213
accuracy: 0.49904635548591614
loss: 1.148079752922058
