Step: 64
accuracy: 0.4892578125
loss: 1.1598806381225586
