Step: 104
accuracy: 0.49684497714042664
loss: 1.1554758548736572
