Step: 250
accuracy: 0.49662503600120544
loss: 1.1489295959472656
