Step: 143
accuracy: 0.49726834893226624
loss: 1.1487451791763306
