Step: 238
accuracy: 0.4977678954601288
loss: 1.1489920616149902
