Step: 187
accuracy: 0.4992479979991913
loss: 1.1491812467575073
