Step: 59
accuracy: 0.4886122941970825
loss: 1.1555359363555908
