Step: 216
accuracy: 0.49898725748062134
loss: 1.148133397102356
