Step: 105
accuracy: 0.4970238208770752
loss: 1.1540831327438354
