Step: 155
accuracy: 0.49637097120285034
loss: 1.1505728960037231
