Step: 7
accuracy: 0.4821428656578064
loss: 1.1551463603973389
