Step: 173
accuracy: 0.4992774426937103
loss: 1.1482372283935547
