Step: 242
accuracy: 0.4970945119857788
loss: 1.1493427753448486
