Step: 142
accuracy: 0.49801936745643616
loss: 1.148578405380249
