Step: 265
accuracy: 0.49687501788139343
loss: 1.148567795753479
