Step: 255
accuracy: 0.49693623185157776
loss: 1.1483964920043945
