Step: 80
accuracy: 0.4906249940395355
loss: 1.1605654954910278
