Step: 202
accuracy: 0.49922648072242737
loss: 1.14893639087677
