Step: 226
accuracy: 0.4979950189590454
loss: 1.148977279663086
