Step: 120
accuracy: 0.49856773018836975
loss: 1.149407148361206
