Step: 239
accuracy: 0.49771180748939514
loss: 1.1488635540008545
