Step: 87
accuracy: 0.49353447556495667
loss: 1.1594337224960327
