Step: 262
accuracy: 0.49725666642189026
loss: 1.1482020616531372
