Step: 198
accuracy: 0.4991319477558136
loss: 1.1492847204208374
