Step: 196
accuracy: 0.49856504797935486
loss: 1.1495869159698486
