Step: 263
accuracy: 0.4972077012062073
loss: 1.1483538150787354
