Step: 129
accuracy: 0.49915212392807007
loss: 1.1472930908203125
