Step: 78
accuracy: 0.49078527092933655
loss: 1.1583772897720337
