Step: 222
accuracy: 0.49817004799842834
loss: 1.1487536430358887
