Step: 30
accuracy: 0.48072919249534607
loss: 1.1616201400756836
