Step: 133
accuracy: 0.49847275018692017
loss: 1.1482632160186768
