Step: 281
accuracy: 0.4976089894771576
loss: 1.147864580154419
