Step: 277
accuracy: 0.49808213114738464
loss: 1.1475436687469482
