Step: 212
accuracy: 0.49911558628082275
loss: 1.147691011428833
