Step: 258
accuracy: 0.4970324635505676
loss: 1.148464560508728
