Step: 167
accuracy: 0.49794164299964905
loss: 1.148733377456665
