Step: 14
accuracy: 0.4877232313156128
loss: 1.1542853116989136
