Step: 40
accuracy: 0.4781250059604645
loss: 1.1639490127563477
