Step: 77
accuracy: 0.4900568127632141
loss: 1.1590968370437622
