Step: 188
accuracy: 0.49925199151039124
loss: 1.1489596366882324
