Step: 26
accuracy: 0.481370210647583
loss: 1.1635311841964722
