Step: 51
accuracy: 0.4843750298023224
loss: 1.1593915224075317
