Step: 203
accuracy: 0.499307245016098
loss: 1.1489875316619873
