Step: 13
accuracy: 0.49399039149284363
loss: 1.1514017581939697
