Step: 273
accuracy: 0.49822574853897095
loss: 1.1475191116333008
