Step: 88
accuracy: 0.4936079680919647
loss: 1.1586192846298218
