Step: 247
accuracy: 0.4965207576751709
loss: 1.1495686769485474
