Step: 224
accuracy: 0.498325914144516
loss: 1.1483486890792847
