Step: 65
accuracy: 0.4896634519100189
loss: 1.1588057279586792
