Step: 25
accuracy: 0.48624998331069946
loss: 1.1614816188812256
