Step: 121
accuracy: 0.49896693229675293
loss: 1.1495391130447388
