Step: 50
accuracy: 0.484375
loss: 1.1594088077545166
