Step: 211
accuracy: 0.49925950169563293
loss: 1.1473723649978638
