Step: 270
accuracy: 0.49768516421318054
loss: 1.1481202840805054
