Step: 94
accuracy: 0.4945146143436432
loss: 1.1579846143722534
