Step: 256
accuracy: 0.49725341796875
loss: 1.1484460830688477
