Step: 20
accuracy: 0.4820312559604645
loss: 1.1624271869659424
