Step: 32
accuracy: 0.48095703125
loss: 1.1615206003189087
