Step: 199
accuracy: 0.49850815534591675
loss: 1.1498863697052002
