Step: 201
accuracy: 0.49922263622283936
loss: 1.1490572690963745
