Step: 235
accuracy: 0.4976728558540344
loss: 1.148470163345337
