Step: 243
accuracy: 0.4967850148677826
loss: 1.1496227979660034
