Step: 130
accuracy: 0.4989182651042938
loss: 1.1482315063476562
