Step: 139
accuracy: 0.4982014298439026
loss: 1.1487494707107544
