Step: 6
accuracy: 0.4791666865348816
loss: 1.1439166069030762
