Step: 166
accuracy: 0.4977409839630127
loss: 1.1485049724578857
