Step: 19
accuracy: 0.48273026943206787
loss: 1.164489507675171
