Step: 132
accuracy: 0.4986979067325592
loss: 1.1485188007354736
