Step: 215
accuracy: 0.49927324056625366
loss: 1.1480532884597778
