Step: 128
accuracy: 0.499267578125
loss: 1.1468840837478638
