Step: 221
accuracy: 0.49802038073539734
loss: 1.1489570140838623
