Step: 116
accuracy: 0.49744072556495667
loss: 1.1515495777130127
