Step: 109
accuracy: 0.4971330165863037
loss: 1.1538689136505127
