Step: 62
accuracy: 0.4879032075405121
loss: 1.160044550895691
