Step: 90
accuracy: 0.4930555820465088
loss: 1.159566879272461
