Step: 66
accuracy: 0.48982006311416626
loss: 1.1590816974639893
