Step: 245
accuracy: 0.49732139706611633
loss: 1.1489073038101196
