Step: 74
accuracy: 0.4890202581882477
loss: 1.1592991352081299
