Step: 95
accuracy: 0.49391448497772217
loss: 1.1592090129852295
