Step: 18
accuracy: 0.4809027910232544
loss: 1.164575457572937
