Step: 183
accuracy: 0.499316930770874
loss: 1.1482874155044556
