Step: 205
accuracy: 0.49931401014328003
loss: 1.1483206748962402
