Step: 248
accuracy: 0.4966607689857483
loss: 1.149328589439392
