Step: 178
accuracy: 0.49868330359458923
loss: 1.1492756605148315
