Step: 200
accuracy: 0.49882811307907104
loss: 1.1492586135864258
