Step: 240
accuracy: 0.4977213740348816
loss: 1.1488810777664185
