Step: 108
accuracy: 0.49754050374031067
loss: 1.1539247035980225
