Step: 229
accuracy: 0.4978165924549103
loss: 1.1488138437271118
