Step: 168
accuracy: 0.4985119104385376
loss: 1.1484962701797485
