Step: 233
accuracy: 0.4979211390018463
loss: 1.1482253074645996
