Step: 175
accuracy: 0.4991964101791382
loss: 1.1485790014266968
