Step: 23
accuracy: 0.4857337176799774
loss: 1.1622965335845947
