Step: 65
accuracy: 0.5670673251152039
loss: 1.0395270586013794
