Step: 84
accuracy: 0.5647321343421936
loss: 1.040993332862854
