Step: 155
accuracy: 0.5582661032676697
loss: 1.0463480949401855
