Step: 51
accuracy: 0.5670956373214722
loss: 1.0389113426208496
