Step: 45
accuracy: 0.5673611164093018
loss: 1.0382064580917358
