Step: 228
accuracy: 0.5608552694320679
loss: 1.0400896072387695
