Step: 153
accuracy: 0.5585171580314636
loss: 1.045516014099121
