Step: 238
accuracy: 0.5602022409439087
loss: 1.0412474870681763
