Step: 43
accuracy: 0.569767415523529
loss: 1.0359630584716797
