Step: 152
accuracy: 0.5591077208518982
loss: 1.0443533658981323
