Step: 27
accuracy: 0.578125
loss: 1.0308380126953125
