Step: 276
accuracy: 0.5578011870384216
loss: 1.042969822883606
