Step: 66
accuracy: 0.5677083134651184
loss: 1.039350152015686
