Step: 163
accuracy: 0.557898759841919
loss: 1.0452558994293213
