Step: 214
accuracy: 0.561477780342102
loss: 1.0402618646621704
