Step: 151
accuracy: 0.5587748289108276
loss: 1.0447157621383667
