Step: 197
accuracy: 0.5605964064598083
loss: 1.040716290473938
