Step: 20
accuracy: 0.567187488079071
loss: 1.048655390739441
