Step: 160
accuracy: 0.557910144329071
loss: 1.0454015731811523
