Step: 34
accuracy: 0.5767463445663452
loss: 1.0344802141189575
