Step: 60
accuracy: 0.5687500238418579
loss: 1.0380518436431885
