Step: 180
accuracy: 0.5583333373069763
loss: 1.0426729917526245
