Step: 21
accuracy: 0.5677083730697632
loss: 1.0442909002304077
