Step: 234
accuracy: 0.5596955418586731
loss: 1.0415983200073242
