Step: 194
accuracy: 0.5601643323898315
loss: 1.041251301765442
