Step: 265
accuracy: 0.5592570900917053
loss: 1.0419915914535522
