Step: 97
accuracy: 0.5599226951599121
loss: 1.0446062088012695
