Step: 25
accuracy: 0.5693749785423279
loss: 1.0419098138809204
