Step: 179
accuracy: 0.5583973526954651
loss: 1.0425974130630493
