Step: 73
accuracy: 0.5674229264259338
loss: 1.037674903869629
