Step: 154
accuracy: 0.5586444735527039
loss: 1.0456455945968628
