Step: 126
accuracy: 0.561631977558136
loss: 1.0436203479766846
