Step: 102
accuracy: 0.5621936321258545
loss: 1.041395902633667
