Step: 242
accuracy: 0.5601110458374023
loss: 1.0409016609191895
