Step: 81
accuracy: 0.5657793283462524
loss: 1.0411115884780884
