Step: 42
accuracy: 0.5699405074119568
loss: 1.0354766845703125
