Step: 253
accuracy: 0.5599061250686646
loss: 1.0411667823791504
