Step: 255
accuracy: 0.559926450252533
loss: 1.0413886308670044
