Step: 10
accuracy: 0.589062511920929
loss: 1.0271847248077393
