Step: 250
accuracy: 0.5596875548362732
loss: 1.0415172576904297
