Step: 279
accuracy: 0.5585237741470337
loss: 1.0423989295959473
