Step: 270
accuracy: 0.558680534362793
loss: 1.042585849761963
