Step: 217
accuracy: 0.562067985534668
loss: 1.0403761863708496
