Step: 70
accuracy: 0.5667410492897034
loss: 1.0394930839538574
