Step: 127
accuracy: 0.5617617964744568
loss: 1.042810082435608
