Step: 268
accuracy: 0.5588852763175964
loss: 1.042419195175171
