Step: 219
accuracy: 0.5617865920066833
loss: 1.0401122570037842
