Step: 109
accuracy: 0.5629300475120544
loss: 1.0396575927734375
