Step: 58
accuracy: 0.5705819129943848
loss: 1.0369452238082886
