Step: 272
accuracy: 0.5589384436607361
loss: 1.0422145128250122
