Step: 85
accuracy: 0.5645220875740051
loss: 1.0409504175186157
