Step: 77
accuracy: 0.5673701167106628
loss: 1.0400885343551636
