Step: 167
accuracy: 0.5582897067070007
loss: 1.0450650453567505
