Step: 186
accuracy: 0.5585517287254333
loss: 1.0428745746612549
