Step: 133
accuracy: 0.5606203079223633
loss: 1.043859839439392
