Step: 55
accuracy: 0.5696022510528564
loss: 1.0362176895141602
