Step: 16
accuracy: 0.5771484375
loss: 1.037432312965393
