Step: 200
accuracy: 0.5607030987739563
loss: 1.0404112339019775
