Step: 248
accuracy: 0.5599167943000793
loss: 1.04128897190094
