Step: 82
accuracy: 0.5659298300743103
loss: 1.0397483110427856
