Step: 266
accuracy: 0.5596804618835449
loss: 1.0417821407318115
