Step: 263
accuracy: 0.5597671270370483
loss: 1.0412483215332031
