Step: 90
accuracy: 0.5619791746139526
loss: 1.043002963066101
