Step: 198
accuracy: 0.5608428120613098
loss: 1.0405042171478271
