Step: 150
accuracy: 0.559166669845581
loss: 1.0443625450134277
