Step: 254
accuracy: 0.5599778294563293
loss: 1.0408650636672974
