Step: 223
accuracy: 0.5606082081794739
loss: 1.041196346282959
