Step: 116
accuracy: 0.5626347064971924
loss: 1.0409283638000488
