Step: 9
accuracy: 0.5815972089767456
loss: 1.0425012111663818
