Step: 275
accuracy: 0.557840883731842
loss: 1.0429850816726685
