Step: 67
accuracy: 0.5687966346740723
loss: 1.0383949279785156
