Step: 206
accuracy: 0.5623483061790466
loss: 1.0381367206573486
