Step: 114
accuracy: 0.5626370906829834
loss: 1.0407432317733765
