Step: 196
accuracy: 0.5602678656578064
loss: 1.0411585569381714
