Step: 145
accuracy: 0.5600215792655945
loss: 1.0445361137390137
