Step: 191
accuracy: 0.5591459274291992
loss: 1.0420366525650024
