Step: 31
accuracy: 0.5751007795333862
loss: 1.037400484085083
