Step: 120
accuracy: 0.5626302361488342
loss: 1.0408848524093628
