Step: 221
accuracy: 0.5613688230514526
loss: 1.0408297777175903
