Step: 260
accuracy: 0.5599759817123413
loss: 1.0409166812896729
