Step: 244
accuracy: 0.5606429576873779
loss: 1.0403708219528198
