Step: 188
accuracy: 0.5585106015205383
loss: 1.042731523513794
