Step: 146
accuracy: 0.5597174763679504
loss: 1.044803261756897
