Step: 92
accuracy: 0.5604619383811951
loss: 1.0448646545410156
