Step: 75
accuracy: 0.5672916173934937
loss: 1.0382583141326904
