Step: 50
accuracy: 0.567187488079071
loss: 1.036963701248169
