Step: 230
accuracy: 0.5600543022155762
loss: 1.0421075820922852
