Step: 269
accuracy: 0.5588406324386597
loss: 1.042414903640747
