Step: 38
accuracy: 0.5703125
loss: 1.0399141311645508
