Step: 111
accuracy: 0.5630630850791931
loss: 1.039662480354309
