Step: 237
accuracy: 0.5598629117012024
loss: 1.0417461395263672
