Step: 94
accuracy: 0.560339093208313
loss: 1.0448466539382935
