Step: 89
accuracy: 0.5633777976036072
loss: 1.0427207946777344
