Step: 137
accuracy: 0.5611313581466675
loss: 1.043601632118225
