Step: 14
accuracy: 0.5770089626312256
loss: 1.0394244194030762
