Step: 112
accuracy: 0.5629185438156128
loss: 1.0393913984298706
