Step: 105
accuracy: 0.5627976655960083
loss: 1.0410624742507935
