Step: 123
accuracy: 0.5617378354072571
loss: 1.042091965675354
