Step: 271
accuracy: 0.5587522983551025
loss: 1.0424256324768066
