Step: 122
accuracy: 0.561859667301178
loss: 1.0414358377456665
