Step: 12
accuracy: 0.578125
loss: 1.0300860404968262
