Step: 138
accuracy: 0.5613677501678467
loss: 1.0437294244766235
