Step: 210
accuracy: 0.5612351298332214
loss: 1.0397427082061768
