Step: 249
accuracy: 0.5595507621765137
loss: 1.0415986776351929
