Step: 258
accuracy: 0.5599563717842102
loss: 1.0414260625839233
