Step: 135
accuracy: 0.5607638955116272
loss: 1.044355034828186
