Step: 157
accuracy: 0.5577229261398315
loss: 1.046321988105774
