Step: 204
accuracy: 0.5625765919685364
loss: 1.0381728410720825
