Step: 121
accuracy: 0.5619834661483765
loss: 1.0415949821472168
