Step: 208
accuracy: 0.5615234375
loss: 1.0388715267181396
