Step: 185
accuracy: 0.5585303902626038
loss: 1.0427377223968506
