Step: 23
accuracy: 0.5692934989929199
loss: 1.0408883094787598
