Step: 56
accuracy: 0.5703125
loss: 1.03665292263031
