Step: 158
accuracy: 0.5579509735107422
loss: 1.0455366373062134
