Step: 168
accuracy: 0.5582217574119568
loss: 1.0448461771011353
