Step: 175
accuracy: 0.5587499737739563
loss: 1.0431277751922607
