Step: 256
accuracy: 0.559814453125
loss: 1.0412367582321167
