Step: 99
accuracy: 0.5620265007019043
loss: 1.0422096252441406
