Step: 182
accuracy: 0.5588083863258362
loss: 1.04237699508667
