Step: 110
accuracy: 0.5633522272109985
loss: 1.0394580364227295
