Step: 69
accuracy: 0.5668025612831116
loss: 1.039713978767395
