Step: 211
accuracy: 0.5617594718933105
loss: 1.0395393371582031
