Step: 144
accuracy: 0.5603298544883728
loss: 1.0443741083145142
