Step: 83
accuracy: 0.565700352191925
loss: 1.0402953624725342
