Step: 49
accuracy: 0.5666453838348389
loss: 1.0387667417526245
