Step: 257
accuracy: 0.5600072741508484
loss: 1.0414456129074097
