Step: 91
accuracy: 0.5607829689979553
loss: 1.0447334051132202
