Step: 252
accuracy: 0.5598958730697632
loss: 1.0410096645355225
