Step: 193
accuracy: 0.5597474575042725
loss: 1.0415964126586914
