Step: 216
accuracy: 0.5615596175193787
loss: 1.0409184694290161
