Step: 107
accuracy: 0.5620619058609009
loss: 1.0407849550247192
