Step: 235
accuracy: 0.5597074031829834
loss: 1.0417530536651611
