Step: 128
accuracy: 0.5623779296875
loss: 1.042680263519287
