Step: 113
accuracy: 0.5623617172241211
loss: 1.0399425029754639
