Step: 57
accuracy: 0.5696272253990173
loss: 1.0369338989257812
