Step: 32
accuracy: 0.57666015625
loss: 1.0355280637741089
