Step: 212
accuracy: 0.5612470507621765
loss: 1.0401091575622559
