Step: 240
accuracy: 0.5601562857627869
loss: 1.0408152341842651
