Step: 17
accuracy: 0.5753676295280457
loss: 1.042057752609253
