Step: 54
accuracy: 0.569444477558136
loss: 1.0374220609664917
