Step: 129
accuracy: 0.5620154738426208
loss: 1.0427205562591553
