Step: 262
accuracy: 0.5599952340126038
loss: 1.0410279035568237
