Step: 140
accuracy: 0.5609375238418579
loss: 1.044142246246338
