Step: 141
accuracy: 0.5608378052711487
loss: 1.0437666177749634
