Step: 277
accuracy: 0.5582693815231323
loss: 1.0424541234970093
