Step: 209
accuracy: 0.5614534020423889
loss: 1.0392183065414429
