Step: 149
accuracy: 0.5591443181037903
loss: 1.0446398258209229
