Step: 64
accuracy: 0.567138671875
loss: 1.0403451919555664
