Step: 205
accuracy: 0.5623475909233093
loss: 1.0381313562393188
