Step: 143
accuracy: 0.561188817024231
loss: 1.0438085794448853
