Step: 6
accuracy: 0.5911458730697632
loss: 1.0722808837890625
