Step: 19
accuracy: 0.5690789222717285
loss: 1.0457552671432495
