Step: 46
accuracy: 0.5662364363670349
loss: 1.0383763313293457
