Step: 222
accuracy: 0.5610219836235046
loss: 1.0413525104522705
