Step: 264
accuracy: 0.5595998764038086
loss: 1.0414866209030151
