Step: 220
accuracy: 0.5611505508422852
loss: 1.040981650352478
