Step: 125
accuracy: 0.5607500076293945
loss: 1.0441076755523682
