Step: 63
accuracy: 0.566964328289032
loss: 1.0399080514907837
