Step: 162
accuracy: 0.5582561492919922
loss: 1.0447134971618652
