Step: 87
accuracy: 0.5650143623352051
loss: 1.0415167808532715
