Step: 35
accuracy: 0.5776785612106323
loss: 1.0332883596420288
