Step: 26
accuracy: 0.5745192766189575
loss: 1.0389045476913452
