Step: 36
accuracy: 0.5763888955116272
loss: 1.033344030380249
