Step: 164
accuracy: 0.5578315258026123
loss: 1.0458946228027344
