Step: 88
accuracy: 0.5640980005264282
loss: 1.0422710180282593
