Step: 119
accuracy: 0.5632878541946411
loss: 1.0398825407028198
