Step: 117
accuracy: 0.5618323087692261
loss: 1.0416983366012573
