Step: 170
accuracy: 0.5586397051811218
loss: 1.0441101789474487
