Step: 147
accuracy: 0.5600552558898926
loss: 1.0439560413360596
