Step: 215
accuracy: 0.5613372325897217
loss: 1.0407333374023438
