Step: 95
accuracy: 0.5603618621826172
loss: 1.044817328453064
