Step: 233
accuracy: 0.5598176121711731
loss: 1.0417271852493286
