Step: 101
accuracy: 0.562190592288971
loss: 1.0415493249893188
