Step: 161
accuracy: 0.5578415989875793
loss: 1.0454704761505127
