Step: 274
accuracy: 0.5576528310775757
loss: 1.043157696723938
