Step: 53
accuracy: 0.568691074848175
loss: 1.037426233291626
