Step: 96
accuracy: 0.56005859375
loss: 1.0444139242172241
