Step: 226
accuracy: 0.5610480904579163
loss: 1.0399214029312134
