Step: 59
accuracy: 0.5688559412956238
loss: 1.0372958183288574
