Step: 267
accuracy: 0.5592813491821289
loss: 1.0422415733337402
