Step: 227
accuracy: 0.5610544681549072
loss: 1.039547085762024
