Step: 74
accuracy: 0.5677787065505981
loss: 1.0372979640960693
