Step: 47
accuracy: 0.5664893388748169
loss: 1.0379828214645386
