Step: 124
accuracy: 0.5608618855476379
loss: 1.0434718132019043
