Step: 176
accuracy: 0.5588601231575012
loss: 1.0425341129302979
