Step: 281
accuracy: 0.5581628084182739
loss: 1.043005347251892
