Step: 183
accuracy: 0.5588285326957703
loss: 1.0422242879867554
