Step: 22
accuracy: 0.5688920617103577
loss: 1.0424193143844604
