Step: 104
accuracy: 0.5631009936332703
loss: 1.0400978326797485
