Step: 280
accuracy: 0.5584821701049805
loss: 1.042484998703003
