Step: 239
accuracy: 0.5601464509963989
loss: 1.0410436391830444
