Step: 156
accuracy: 0.5580929517745972
loss: 1.0461275577545166
