Step: 61
accuracy: 0.5678791403770447
loss: 1.0394080877304077
