Step: 44
accuracy: 0.5703125
loss: 1.0352891683578491
