Step: 132
accuracy: 0.5617897510528564
loss: 1.0423431396484375
