Step: 213
accuracy: 0.5616196990013123
loss: 1.0398482084274292
