Step: 136
accuracy: 0.5612362027168274
loss: 1.0435409545898438
