Step: 62
accuracy: 0.5667842626571655
loss: 1.039061188697815
