Step: 2
accuracy: 0.578125
loss: 1.0756220817565918
