Step: 184
accuracy: 0.55859375
loss: 1.042492389678955
