Step: 33
accuracy: 0.5776515007019043
loss: 1.033509373664856
