Step: 247
accuracy: 0.5604124665260315
loss: 1.040682315826416
