Step: 130
accuracy: 0.5612980723381042
loss: 1.0435924530029297
