Step: 282
accuracy: 0.5583333373069763
loss: 1.042901635169983
