Step: 39
accuracy: 0.5697115659713745
loss: 1.0404927730560303
