Step: 192
accuracy: 0.5594075918197632
loss: 1.0418236255645752
