Step: 103
accuracy: 0.5621966123580933
loss: 1.0414893627166748
