Step: 245
accuracy: 0.5608417987823486
loss: 1.0400705337524414
