Step: 232
accuracy: 0.5597386956214905
loss: 1.0421380996704102
