Step: 169
accuracy: 0.5587093234062195
loss: 1.044538974761963
