Step: 52
accuracy: 0.568209171295166
loss: 1.038273811340332
