Step: 273
accuracy: 0.5584936141967773
loss: 1.0423825979232788
