Step: 18
accuracy: 0.5729166865348816
loss: 1.0455957651138306
