Step: 11
accuracy: 0.5852273106575012
loss: 1.0303195714950562
