Step: 166
accuracy: 0.5575113296508789
loss: 1.0459280014038086
