Step: 40
accuracy: 0.568359375
loss: 1.0413345098495483
