Step: 118
accuracy: 0.5623675584793091
loss: 1.0408364534378052
