Step: 218
accuracy: 0.5622133016586304
loss: 1.0397710800170898
