Step: 3
accuracy: 0.5729166865348816
loss: 1.0618460178375244
