Step: 177
accuracy: 0.5587040781974792
loss: 1.0423712730407715
