Step: 79
accuracy: 0.5668512582778931
loss: 1.0406198501586914
