Step: 195
accuracy: 0.5600961446762085
loss: 1.0412501096725464
