Step: 41
accuracy: 0.5678353309631348
loss: 1.0400563478469849
