Step: 187
accuracy: 0.5583221912384033
loss: 1.0428736209869385
