Step: 106
accuracy: 0.5619103908538818
loss: 1.04121994972229
