Step: 181
accuracy: 0.5583564043045044
loss: 1.042750597000122
