Step: 190
accuracy: 0.5587171316146851
loss: 1.0424761772155762
