Step: 203
accuracy: 0.5618072748184204
loss: 1.0392770767211914
