Step: 189
accuracy: 0.5586144328117371
loss: 1.0430643558502197
