Step: 241
accuracy: 0.5600363612174988
loss: 1.0412819385528564
