Step: 98
accuracy: 0.5607461333274841
loss: 1.0438028573989868
