Step: 174
accuracy: 0.5594468116760254
loss: 1.042807698249817
