Step: 76
accuracy: 0.5672286152839661
loss: 1.0388689041137695
