Step: 142
accuracy: 0.5610695481300354
loss: 1.043713927268982
