Step: 8
accuracy: 0.58203125
loss: 1.0581096410751343
