Step: 165
accuracy: 0.5578598976135254
loss: 1.0456066131591797
