Step: 30
accuracy: 0.5781250596046448
loss: 1.0313787460327148
