Step: 201
accuracy: 0.5614894032478333
loss: 1.039644718170166
