Step: 4
accuracy: 0.58984375
loss: 1.0754549503326416
