Step: 172
accuracy: 0.5593205094337463
loss: 1.0429160594940186
