Step: 202
accuracy: 0.5614170432090759
loss: 1.039686918258667
