Step: 48
accuracy: 0.5670573115348816
loss: 1.0384750366210938
