Step: 159
accuracy: 0.557488203048706
loss: 1.0456972122192383
