Step: 131
accuracy: 0.5615457892417908
loss: 1.0425695180892944
