Step: 100
accuracy: 0.5623437166213989
loss: 1.0419327020645142
