Step: 225
accuracy: 0.561180591583252
loss: 1.040041446685791
