Step: 29
accuracy: 0.5802801847457886
loss: 1.029652714729309
