Step: 178
accuracy: 0.5582865476608276
loss: 1.0430126190185547
