Step: 13
accuracy: 0.5757212042808533
loss: 1.0379831790924072
