Step: 251
accuracy: 0.5597609877586365
loss: 1.04103684425354
