Step: 93
accuracy: 0.5599798560142517
loss: 1.0454723834991455
