Step: 78
accuracy: 0.5679086446762085
loss: 1.0391829013824463
