Step: 80
accuracy: 0.56640625
loss: 1.0415247678756714
