Step: 278
accuracy: 0.55828458070755
loss: 1.04269540309906
