Step: 15
accuracy: 0.5781250596046448
loss: 1.0330753326416016
