Step: 207
accuracy: 0.5616697072982788
loss: 1.0386861562728882
