Step: 5
accuracy: 0.59375
loss: 1.0664335489273071
