Step: 134
accuracy: 0.5604011416435242
loss: 1.0444669723510742
