Step: 171
accuracy: 0.5595760345458984
loss: 1.0428937673568726
