Step: 173
accuracy: 0.5597001314163208
loss: 1.0423927307128906
