Step: 72
accuracy: 0.5681423544883728
loss: 1.0364259481430054
