Step: 108
accuracy: 0.5629340410232544
loss: 1.0390254259109497
