Step: 24
accuracy: 0.5703125
loss: 1.04252028465271
