Step: 199
accuracy: 0.5609296560287476
loss: 1.040021300315857
