Step: 259
accuracy: 0.5599662065505981
loss: 1.0410206317901611
