Step: 224
accuracy: 0.56103515625
loss: 1.0406923294067383
