Step: 28
accuracy: 0.578125
loss: 1.031524896621704
