Step: 148
accuracy: 0.5594383478164673
loss: 1.044793963432312
