Step: 139
accuracy: 0.5613758563995361
loss: 1.0436902046203613
