Step: 71
accuracy: 0.5671214461326599
loss: 1.0381731986999512
