Step: 246
accuracy: 0.560467541217804
loss: 1.0404647588729858
