Step: 243
accuracy: 0.5600566267967224
loss: 1.0409510135650635
