Step: 37
accuracy: 0.5730574131011963
loss: 1.037566065788269
