Step: 229
accuracy: 0.5604530572891235
loss: 1.0411334037780762
