Step: 236
accuracy: 0.5599179267883301
loss: 1.041667103767395
