Step: 261
accuracy: 0.5601053833961487
loss: 1.041186809539795
