Step: 231
accuracy: 0.5596590638160706
loss: 1.0425251722335815
