Step: 86
accuracy: 0.5650436282157898
loss: 1.04045832157135
