Step: 221
accuracy: 0.5861142873764038
loss: 0.9849669337272644
