Step: 220
accuracy: 0.5864346623420715
loss: 0.9844565391540527
