Step: 90
accuracy: 0.5840277671813965
loss: 0.9954214692115784
