Step: 256
accuracy: 0.5885009765625
loss: 0.9817349314689636
