Step: 239
accuracy: 0.5889121294021606
loss: 0.981428325176239
