Step: 186
accuracy: 0.5836693644523621
loss: 0.988150417804718
