Step: 81
accuracy: 0.5831404328346252
loss: 0.9959698915481567
