Step: 23
accuracy: 0.5692934989929199
loss: 0.9947966933250427
