Step: 133
accuracy: 0.5848214626312256
loss: 0.9891188144683838
