Step: 260
accuracy: 0.5888221263885498
loss: 0.9807368516921997
