Step: 119
accuracy: 0.5846901535987854
loss: 0.9890157580375671
