Step: 35
accuracy: 0.579464316368103
loss: 0.9851964712142944
