Step: 108
accuracy: 0.5834780335426331
loss: 0.9899978041648865
