Step: 164
accuracy: 0.5847941637039185
loss: 0.9887242913246155
