Step: 100
accuracy: 0.5848437547683716
loss: 0.99151611328125
