Step: 207
accuracy: 0.5863526463508606
loss: 0.9847634434700012
