Step: 230
accuracy: 0.5870923399925232
loss: 0.9839137196540833
