Step: 208
accuracy: 0.5863131284713745
loss: 0.9848592281341553
