Step: 19
accuracy: 0.5699013471603394
loss: 0.9996314644813538
