Step: 93
accuracy: 0.5846773982048035
loss: 0.9944767355918884
