Step: 31
accuracy: 0.5791330337524414
loss: 0.9882497787475586
