Step: 153
accuracy: 0.5840482115745544
loss: 0.9897851943969727
