Step: 70
accuracy: 0.5821428894996643
loss: 0.9947437047958374
