Step: 270
accuracy: 0.5893518328666687
loss: 0.9801870584487915
