Step: 6
accuracy: 0.5338541865348816
loss: 1.0299091339111328
