Step: 121
accuracy: 0.5849689841270447
loss: 0.9898665547370911
