Step: 175
accuracy: 0.5836607217788696
loss: 0.989290177822113
