Step: 66
accuracy: 0.5814393758773804
loss: 0.995424211025238
