Step: 25
accuracy: 0.5668749809265137
loss: 0.996657133102417
