Step: 33
accuracy: 0.5785984396934509
loss: 0.9892365336418152
