Step: 215
accuracy: 0.585973858833313
loss: 0.9847228527069092
