Step: 34
accuracy: 0.5785845518112183
loss: 0.9884110689163208
