Step: 280
accuracy: 0.5890067219734192
loss: 0.9804965257644653
