Step: 243
accuracy: 0.5882202386856079
loss: 0.9816077351570129
