Step: 203
accuracy: 0.5857450366020203
loss: 0.9855553507804871
