Step: 38
accuracy: 0.5789473652839661
loss: 0.9923862814903259
