Step: 42
accuracy: 0.5755208730697632
loss: 0.9954828023910522
