Step: 27
accuracy: 0.5729166865348816
loss: 0.9930275678634644
