Step: 37
accuracy: 0.5789695978164673
loss: 0.9896435737609863
