Step: 241
accuracy: 0.5884984731674194
loss: 0.981639564037323
