Step: 76
accuracy: 0.5832648277282715
loss: 0.9945661425590515
