Step: 212
accuracy: 0.5866745114326477
loss: 0.984282910823822
