Step: 89
accuracy: 0.584269642829895
loss: 0.9955358505249023
