Step: 273
accuracy: 0.5893429517745972
loss: 0.9805828928947449
