Step: 206
accuracy: 0.5862408876419067
loss: 0.9851242899894714
