Step: 18
accuracy: 0.5737847089767456
loss: 0.9967579245567322
