Step: 116
accuracy: 0.5840517282485962
loss: 0.9911115765571594
