Step: 145
accuracy: 0.5852370858192444
loss: 0.987618088722229
