Step: 218
accuracy: 0.5863675475120544
loss: 0.9845235347747803
