Step: 138
accuracy: 0.5843523740768433
loss: 0.9898555874824524
