Step: 159
accuracy: 0.5850039124488831
loss: 0.9891024231910706
