Step: 211
accuracy: 0.5862707495689392
loss: 0.9850380420684814
