Step: 251
accuracy: 0.5879606604576111
loss: 0.9821810126304626
