Step: 135
accuracy: 0.5843749642372131
loss: 0.9898858666419983
