Step: 74
accuracy: 0.5829814076423645
loss: 0.9941744208335876
