Step: 204
accuracy: 0.5857077240943909
loss: 0.985521674156189
