Step: 250
accuracy: 0.5876875519752502
loss: 0.9827341437339783
