Step: 182
accuracy: 0.5831902623176575
loss: 0.9889978766441345
