Step: 21
accuracy: 0.5721726417541504
loss: 0.9964628219604492
