Step: 49
accuracy: 0.5774872303009033
loss: 0.9942164421081543
