Step: 131
accuracy: 0.5848044157028198
loss: 0.9881998300552368
