Step: 274
accuracy: 0.5891879796981812
loss: 0.9805682897567749
