Step: 219
accuracy: 0.5864012837409973
loss: 0.9843648076057434
