Step: 110
accuracy: 0.5833806395530701
loss: 0.9920998215675354
