Step: 103
accuracy: 0.5840412378311157
loss: 0.9910793304443359
