Step: 265
accuracy: 0.5890920162200928
loss: 0.9807525277137756
