Step: 262
accuracy: 0.5890386700630188
loss: 0.980621337890625
