Step: 111
accuracy: 0.5837556719779968
loss: 0.9927198886871338
