Step: 95
accuracy: 0.5853618383407593
loss: 0.994317352771759
