Step: 128
accuracy: 0.5855712890625
loss: 0.9877482056617737
