Step: 142
accuracy: 0.5849471688270569
loss: 0.9871209263801575
