Step: 244
accuracy: 0.5879867076873779
loss: 0.9818392395973206
