Step: 16
accuracy: 0.576171875
loss: 1.0000795125961304
