Step: 271
accuracy: 0.5896563529968262
loss: 0.9801809191703796
