Step: 3
accuracy: 0.5052083730697632
loss: 1.0561338663101196
