Step: 9
accuracy: 0.5520833134651184
loss: 1.0351814031600952
