Step: 268
accuracy: 0.5891441702842712
loss: 0.9810077548027039
