Step: 193
accuracy: 0.5850874781608582
loss: 0.9870437979698181
