Step: 202
accuracy: 0.5857827663421631
loss: 0.9850807189941406
