Step: 43
accuracy: 0.5773982405662537
loss: 0.9923754930496216
