Step: 98
accuracy: 0.5843430757522583
loss: 0.9931361079216003
