Step: 155
accuracy: 0.5840725898742676
loss: 0.9895421266555786
