Step: 267
accuracy: 0.5886586904525757
loss: 0.9815545678138733
