Step: 247
accuracy: 0.5879302024841309
loss: 0.9820767641067505
