Step: 141
accuracy: 0.5851064324378967
loss: 0.9875262379646301
