Step: 198
accuracy: 0.5855429172515869
loss: 0.9858033657073975
