Step: 92
accuracy: 0.5847486257553101
loss: 0.9934278726577759
