Step: 29
accuracy: 0.576508641242981
loss: 0.9900637865066528
