Step: 106
accuracy: 0.5838738083839417
loss: 0.9912164211273193
