Step: 147
accuracy: 0.5852465629577637
loss: 0.9872928261756897
