Step: 54
accuracy: 0.5815972089767456
loss: 0.9915050268173218
