Step: 246
accuracy: 0.5881606340408325
loss: 0.9817626476287842
