Step: 91
accuracy: 0.5843063592910767
loss: 0.9949008822441101
