Step: 72
accuracy: 0.5822482705116272
loss: 0.9956548810005188
