Step: 10
accuracy: 0.5562500357627869
loss: 1.039957880973816
