Step: 24
accuracy: 0.568359375
loss: 0.9962188005447388
