Step: 224
accuracy: 0.5858677625656128
loss: 0.9847705960273743
