Step: 125
accuracy: 0.5863749980926514
loss: 0.9877926111221313
