Step: 259
accuracy: 0.5888030529022217
loss: 0.980724036693573
