Step: 149
accuracy: 0.5847315192222595
loss: 0.9875595569610596
