Step: 85
accuracy: 0.583823561668396
loss: 0.9971571564674377
