Step: 1
accuracy: 0.578125
loss: 1.0640029907226562
