Step: 73
accuracy: 0.5821917653083801
loss: 0.9953545331954956
