Step: 139
accuracy: 0.5845323204994202
loss: 0.9890413880348206
