Step: 240
accuracy: 0.5881510972976685
loss: 0.9822304248809814
