Step: 11
accuracy: 0.5681818127632141
loss: 1.0265343189239502
