Step: 82
accuracy: 0.5834603309631348
loss: 0.9963887333869934
