Step: 249
accuracy: 0.5874749422073364
loss: 0.9827395081520081
