Step: 209
accuracy: 0.585974931716919
loss: 0.9851609468460083
