Step: 226
accuracy: 0.5863523483276367
loss: 0.9841266870498657
