Step: 160
accuracy: 0.584667980670929
loss: 0.9895995259284973
