Step: 163
accuracy: 0.5850268006324768
loss: 0.9885491728782654
