Step: 69
accuracy: 0.5822011232376099
loss: 0.9936110973358154
