Step: 99
accuracy: 0.5849116444587708
loss: 0.9924148321151733
