Step: 257
accuracy: 0.5886430144309998
loss: 0.9815194010734558
