Step: 196
accuracy: 0.584980845451355
loss: 0.986890971660614
