Step: 97
accuracy: 0.5844072699546814
loss: 0.993142306804657
