Step: 134
accuracy: 0.5840718746185303
loss: 0.989551305770874
