Step: 170
accuracy: 0.5852941274642944
loss: 0.9880223870277405
