Step: 255
accuracy: 0.5881127119064331
loss: 0.9822701215744019
