Step: 137
accuracy: 0.5841696858406067
loss: 0.9903508424758911
