Step: 22
accuracy: 0.5731534361839294
loss: 0.9948238134384155
