Step: 132
accuracy: 0.5848721265792847
loss: 0.988354504108429
