Step: 140
accuracy: 0.5849330425262451
loss: 0.9884081482887268
