Step: 36
accuracy: 0.5802951455116272
loss: 0.9867644906044006
