Step: 86
accuracy: 0.5839389562606812
loss: 0.9971073269844055
