Step: 47
accuracy: 0.5784574151039124
loss: 0.9916977286338806
