Step: 237
accuracy: 0.5883439183235168
loss: 0.9820136427879333
