Step: 192
accuracy: 0.5845540761947632
loss: 0.987412691116333
