Step: 245
accuracy: 0.5879464149475098
loss: 0.9818320274353027
