Step: 184
accuracy: 0.583389937877655
loss: 0.9885386228561401
