Step: 162
accuracy: 0.5849729776382446
loss: 0.9890627264976501
