Step: 84
accuracy: 0.5840774178504944
loss: 0.9974817633628845
