Step: 234
accuracy: 0.5878739356994629
loss: 0.9832285642623901
