Step: 117
accuracy: 0.5841346383094788
loss: 0.9901568293571472
