Step: 275
accuracy: 0.5892613530158997
loss: 0.9805043935775757
