Step: 200
accuracy: 0.5857812166213989
loss: 0.9852291941642761
