Step: 177
accuracy: 0.584039568901062
loss: 0.9883953928947449
