Step: 7
accuracy: 0.5491071939468384
loss: 1.0324146747589111
