Step: 279
accuracy: 0.5888776779174805
loss: 0.9806320667266846
