Step: 194
accuracy: 0.5851321220397949
loss: 0.9871909618377686
