Step: 41
accuracy: 0.5750762224197388
loss: 0.9953715205192566
