Step: 32
accuracy: 0.578125
loss: 0.9916055202484131
