Step: 146
accuracy: 0.5852953791618347
loss: 0.9876323342323303
