Step: 205
accuracy: 0.5857469439506531
loss: 0.9857742190361023
