Step: 278
accuracy: 0.5889163613319397
loss: 0.9802148938179016
