Step: 225
accuracy: 0.5861111283302307
loss: 0.9843549728393555
