Step: 101
accuracy: 0.5846225023269653
loss: 0.9919081330299377
