Step: 232
accuracy: 0.5874865055084229
loss: 0.9832820296287537
