Step: 64
accuracy: 0.58154296875
loss: 0.99515700340271
