Step: 143
accuracy: 0.5851179957389832
loss: 0.9868636727333069
