Step: 213
accuracy: 0.5864877104759216
loss: 0.9843522310256958
