Step: 173
accuracy: 0.5841763019561768
loss: 0.9890410900115967
