Step: 197
accuracy: 0.5852633118629456
loss: 0.9862364530563354
