Step: 71
accuracy: 0.5820862650871277
loss: 0.9949998259544373
