Step: 282
accuracy: 0.5893333554267883
loss: 0.980247974395752
