Step: 130
accuracy: 0.5844951868057251
loss: 0.9888148307800293
