Step: 151
accuracy: 0.584333598613739
loss: 0.9886999130249023
