Step: 2
accuracy: 0.578125
loss: 1.0048447847366333
