Step: 105
accuracy: 0.5837798118591309
loss: 0.9912025332450867
