Step: 46
accuracy: 0.576766312122345
loss: 0.9923505783081055
