Step: 174
accuracy: 0.5835129022598267
loss: 0.9896208047866821
