Step: 107
accuracy: 0.5833820104598999
loss: 0.9909850358963013
