Step: 144
accuracy: 0.5849609375
loss: 0.9876251220703125
