Step: 80
accuracy: 0.5833984613418579
loss: 0.9950262308120728
