Step: 216
accuracy: 0.5859375
loss: 0.9852603077888489
