Step: 214
accuracy: 0.5860105156898499
loss: 0.9846704602241516
