Step: 129
accuracy: 0.5858769416809082
loss: 0.9875181317329407
