Step: 13
accuracy: 0.5709134936332703
loss: 1.0087758302688599
