Step: 40
accuracy: 0.579296886920929
loss: 0.9906222224235535
