Step: 118
accuracy: 0.5842161178588867
loss: 0.9903282523155212
