Step: 188
accuracy: 0.5839427709579468
loss: 0.9883853793144226
