Step: 166
accuracy: 0.5851845145225525
loss: 0.9881019592285156
