Step: 252
accuracy: 0.587735652923584
loss: 0.9825941920280457
