Step: 201
accuracy: 0.5862095355987549
loss: 0.9845720529556274
