Step: 51
accuracy: 0.5790441632270813
loss: 0.9933891892433167
