Step: 88
accuracy: 0.5848721861839294
loss: 0.9953597784042358
