Step: 181
accuracy: 0.5835635662078857
loss: 0.9890166521072388
