Step: 195
accuracy: 0.5845353007316589
loss: 0.9877429008483887
