Step: 253
accuracy: 0.5880681872367859
loss: 0.9821776747703552
