Step: 78
accuracy: 0.5831330418586731
loss: 0.9953411221504211
