Step: 191
accuracy: 0.5845059156417847
loss: 0.9880011081695557
