Step: 55
accuracy: 0.5789772272109985
loss: 0.9963231682777405
