Step: 281
accuracy: 0.5892459750175476
loss: 0.9803255200386047
