Step: 263
accuracy: 0.5889377593994141
loss: 0.980742335319519
