Step: 272
accuracy: 0.589958667755127
loss: 0.9797713160514832
