Step: 59
accuracy: 0.5807732939720154
loss: 0.996334969997406
