Step: 52
accuracy: 0.5805288553237915
loss: 0.9923047423362732
