Step: 65
accuracy: 0.5802884697914124
loss: 0.9966353178024292
