Step: 109
accuracy: 0.5834288597106934
loss: 0.9907018542289734
