Step: 62
accuracy: 0.5819052457809448
loss: 0.9932926893234253
