Step: 178
accuracy: 0.5836551785469055
loss: 0.9883182048797607
