Step: 158
accuracy: 0.5849485993385315
loss: 0.9892323613166809
