Step: 168
accuracy: 0.5849144458770752
loss: 0.9883339405059814
