Step: 114
accuracy: 0.5848410129547119
loss: 0.9911493062973022
