Step: 264
accuracy: 0.5891926884651184
loss: 0.9805136919021606
