Step: 68
accuracy: 0.58203125
loss: 0.9944693446159363
