Step: 248
accuracy: 0.5875126123428345
loss: 0.9825079441070557
