Step: 17
accuracy: 0.5753676295280457
loss: 0.9989574551582336
