Step: 180
accuracy: 0.5835069417953491
loss: 0.9887596368789673
