Step: 190
accuracy: 0.584457278251648
loss: 0.9877604246139526
