Step: 48
accuracy: 0.5771484375
loss: 0.995097815990448
