Step: 231
accuracy: 0.5873241424560547
loss: 0.9835028648376465
