Step: 258
accuracy: 0.5887839198112488
loss: 0.9810540676116943
