Step: 157
accuracy: 0.5846934914588928
loss: 0.9895811676979065
