Step: 4
accuracy: 0.5234375
loss: 1.0301069021224976
