Step: 189
accuracy: 0.5842427611351013
loss: 0.9885141253471375
