Step: 79
accuracy: 0.5832673907279968
loss: 0.9942986369132996
