Step: 233
accuracy: 0.5877816677093506
loss: 0.9829691052436829
