Step: 14
accuracy: 0.5703125
loss: 1.0106562376022339
