Step: 87
accuracy: 0.5836925506591797
loss: 0.9965146780014038
