Step: 261
accuracy: 0.5889008641242981
loss: 0.9804876446723938
