Step: 20
accuracy: 0.5726562738418579
loss: 0.9943727850914001
