Step: 217
accuracy: 0.585829496383667
loss: 0.9852990508079529
