Step: 67
accuracy: 0.5823227763175964
loss: 0.9942657947540283
