Step: 124
accuracy: 0.5858114957809448
loss: 0.9884451031684875
