Step: 176
accuracy: 0.5837180614471436
loss: 0.9891484379768372
