Step: 28
accuracy: 0.574776828289032
loss: 0.9934722185134888
