Step: 127
accuracy: 0.5859990119934082
loss: 0.9872557520866394
