Step: 60
accuracy: 0.5815104246139526
loss: 0.9939579367637634
