Step: 8
accuracy: 0.548828125
loss: 1.0355015993118286
