Step: 61
accuracy: 0.5811988115310669
loss: 0.9935612082481384
