Step: 45
accuracy: 0.5774305462837219
loss: 0.9897663593292236
