Step: 154
accuracy: 0.5836039185523987
loss: 0.9904463291168213
