Step: 165
accuracy: 0.5854166746139526
loss: 0.9876788854598999
