Step: 222
accuracy: 0.5860782861709595
loss: 0.9847882986068726
