Step: 115
accuracy: 0.584782600402832
loss: 0.9905055165290833
