Step: 235
accuracy: 0.5882978439331055
loss: 0.9826098084449768
