Step: 63
accuracy: 0.5818452835083008
loss: 0.9933423399925232
