Step: 123
accuracy: 0.5857470035552979
loss: 0.9883708953857422
