Step: 56
accuracy: 0.5789620876312256
loss: 0.9967727661132812
