Step: 152
accuracy: 0.5842927694320679
loss: 0.9886366128921509
