Step: 277
accuracy: 0.5890681147575378
loss: 0.9802770614624023
