Step: 254
accuracy: 0.5880905389785767
loss: 0.9823744893074036
