Step: 172
accuracy: 0.5843023061752319
loss: 0.9889739155769348
