Step: 227
accuracy: 0.586591362953186
loss: 0.9841381311416626
