Step: 94
accuracy: 0.5849401354789734
loss: 0.9952573180198669
