Step: 167
accuracy: 0.5850486755371094
loss: 0.9881845116615295
