Step: 57
accuracy: 0.5794956088066101
loss: 0.9966523051261902
