Step: 161
accuracy: 0.5847243666648865
loss: 0.9893398284912109
