Step: 229
accuracy: 0.5868586301803589
loss: 0.9839675426483154
