Step: 148
accuracy: 0.5853040218353271
loss: 0.9872379302978516
