Step: 136
accuracy: 0.584099292755127
loss: 0.9904226660728455
