Step: 223
accuracy: 0.5859725475311279
loss: 0.9848811030387878
