Step: 185
accuracy: 0.583108127117157
loss: 0.9884647727012634
