Step: 77
accuracy: 0.5829951167106628
loss: 0.9957784414291382
