Step: 187
accuracy: 0.583723247051239
loss: 0.9882829785346985
