Step: 269
accuracy: 0.589161217212677
loss: 0.9806326627731323
