Step: 96
accuracy: 0.58447265625
loss: 0.9940811991691589
