Step: 169
accuracy: 0.5848742723464966
loss: 0.9886788725852966
