Step: 102
accuracy: 0.5845588445663452
loss: 0.991409182548523
