Step: 113
accuracy: 0.5837942361831665
loss: 0.9925843477249146
