Step: 120
accuracy: 0.5850260853767395
loss: 0.9887085556983948
