Step: 238
accuracy: 0.5886948704719543
loss: 0.9817250967025757
