Step: 112
accuracy: 0.5844029188156128
loss: 0.9920102953910828
