Step: 171
accuracy: 0.5846125483512878
loss: 0.988487720489502
