Step: 53
accuracy: 0.5804834961891174
loss: 0.9924594163894653
