Step: 83
accuracy: 0.5833961367607117
loss: 0.9969910383224487
