Step: 39
accuracy: 0.5789262652397156
loss: 0.9916166067123413
