Step: 30
accuracy: 0.5781250596046448
loss: 0.9878417253494263
