Step: 150
accuracy: 0.5835416316986084
loss: 0.9884940981864929
