Step: 276
accuracy: 0.5891078114509583
loss: 0.980207622051239
