Step: 183
accuracy: 0.5829917788505554
loss: 0.9893923401832581
