Step: 210
accuracy: 0.5861607193946838
loss: 0.9851042032241821
