Step: 228
accuracy: 0.5868969559669495
loss: 0.9840601086616516
