Step: 50
accuracy: 0.5778124928474426
loss: 0.9941415190696716
