Step: 75
accuracy: 0.5835416316986084
loss: 0.9943177700042725
