Step: 179
accuracy: 0.5835370421409607
loss: 0.9885436296463013
