Step: 266
accuracy: 0.5890507698059082
loss: 0.9806188344955444
