Step: 122
accuracy: 0.5849129557609558
loss: 0.9893792867660522
