Step: 199
accuracy: 0.5855056643486023
loss: 0.9855865836143494
