Step: 44
accuracy: 0.578125
loss: 0.9905555248260498
