Step: 26
accuracy: 0.5709134936332703
loss: 0.9962735176086426
