Step: 12
accuracy: 0.5677083730697632
loss: 1.0209293365478516
