Step: 242
accuracy: 0.5880681276321411
loss: 0.9818447828292847
