Step: 58
accuracy: 0.5800107717514038
loss: 0.9969204068183899
