Step: 15
accuracy: 0.5760416984558105
loss: 1.005333662033081
