Step: 156
accuracy: 0.5844351053237915
loss: 0.9896492958068848
