Step: 236
accuracy: 0.5880561470985413
loss: 0.9829015731811523
