Step: 104
accuracy: 0.5833834409713745
loss: 0.9925438165664673
