Step: 126
accuracy: 0.5856895446777344
loss: 0.9884387254714966
