Step: 187
accuracy: 0.5849766135215759
loss: 1.000345230102539
