Step: 118
accuracy: 0.5869967937469482
loss: 0.99860018491745
