Step: 99
accuracy: 0.5864899158477783
loss: 1.0010979175567627
