Step: 259
accuracy: 0.5819860100746155
loss: 1.0006753206253052
