Step: 258
accuracy: 0.5824248790740967
loss: 1.00029456615448
