Step: 66
accuracy: 0.5871211886405945
loss: 1.0020684003829956
