Step: 163
accuracy: 0.5855061411857605
loss: 0.9995299577713013
