Step: 77
accuracy: 0.588676929473877
loss: 0.9965678453445435
