Step: 257
accuracy: 0.582198441028595
loss: 1.000354528427124
