Step: 189
accuracy: 0.5851521492004395
loss: 0.9998999238014221
