Step: 40
accuracy: 0.592968761920929
loss: 0.9957886934280396
