Step: 217
accuracy: 0.5833093523979187
loss: 1.000281810760498
