Step: 70
accuracy: 0.5861607193946838
loss: 1.0018730163574219
