Step: 238
accuracy: 0.580619752407074
loss: 1.003272294998169
