Step: 188
accuracy: 0.5844414830207825
loss: 1.000783085823059
