Step: 270
accuracy: 0.5824652910232544
loss: 1.0008268356323242
