Step: 158
accuracy: 0.5859375
loss: 0.9992966651916504
