Step: 149
accuracy: 0.5863045454025269
loss: 0.9987510442733765
