Step: 114
accuracy: 0.5858004689216614
loss: 0.999906063079834
