Step: 150
accuracy: 0.5858333110809326
loss: 0.9987400770187378
