Step: 236
accuracy: 0.5808395147323608
loss: 1.0029752254486084
