Step: 103
accuracy: 0.5869235396385193
loss: 1.0001884698867798
