Step: 129
accuracy: 0.5863614082336426
loss: 0.9978100657463074
