Step: 51
accuracy: 0.5891544222831726
loss: 1.0011038780212402
