Step: 72
accuracy: 0.5868055820465088
loss: 0.9997828006744385
