Step: 226
accuracy: 0.58268803358078
loss: 1.0016834735870361
