Step: 151
accuracy: 0.5856788158416748
loss: 0.9993075728416443
