Step: 174
accuracy: 0.5861170887947083
loss: 0.9982610940933228
