Step: 175
accuracy: 0.5868750214576721
loss: 0.9974457621574402
