Step: 280
accuracy: 0.5819196701049805
loss: 1.0004582405090332
