Step: 269
accuracy: 0.5820748209953308
loss: 1.0014113187789917
