Step: 2
accuracy: 0.5703125
loss: 1.1243524551391602
