Step: 260
accuracy: 0.58203125
loss: 1.0006462335586548
