Step: 108
accuracy: 0.5856481790542603
loss: 1.000605583190918
