Step: 144
accuracy: 0.586046040058136
loss: 1.0001369714736938
