Step: 170
accuracy: 0.5868566036224365
loss: 0.9970067143440247
