Step: 38
accuracy: 0.5941612124443054
loss: 0.9966382384300232
