Step: 132
accuracy: 0.5861742496490479
loss: 0.9981345534324646
