Step: 243
accuracy: 0.5817901492118835
loss: 1.0017876625061035
