Step: 266
accuracy: 0.5816494226455688
loss: 1.0020281076431274
