Step: 128
accuracy: 0.586669921875
loss: 0.9964653849601746
