Step: 23
accuracy: 0.5991848111152649
loss: 0.9948471188545227
