Step: 7
accuracy: 0.5848214626312256
loss: 1.0167368650436401
