Step: 240
accuracy: 0.5811849236488342
loss: 1.0021988153457642
