Step: 140
accuracy: 0.5868303775787354
loss: 0.9982724785804749
