Step: 198
accuracy: 0.5854640007019043
loss: 0.9989290237426758
