Step: 21
accuracy: 0.5952380895614624
loss: 1.0000418424606323
