Step: 76
accuracy: 0.5875822305679321
loss: 0.9975150227546692
