Step: 167
accuracy: 0.5866392254829407
loss: 0.9974817633628845
