Step: 256
accuracy: 0.582275390625
loss: 1.0001462697982788
