Step: 14
accuracy: 0.582589328289032
loss: 1.0165417194366455
