Step: 205
accuracy: 0.5841463208198547
loss: 0.9989725947380066
