Step: 46
accuracy: 0.593410313129425
loss: 0.9969398975372314
