Step: 282
accuracy: 0.5817221999168396
loss: 1.0003888607025146
