Step: 30
accuracy: 0.5963541865348816
loss: 1.0008026361465454
