Step: 264
accuracy: 0.582445502281189
loss: 1.0007989406585693
