Step: 22
accuracy: 0.5980113744735718
loss: 0.9964960813522339
