Step: 43
accuracy: 0.5922964811325073
loss: 0.9962590336799622
