Step: 255
accuracy: 0.5818626880645752
loss: 1.0005905628204346
