Step: 169
accuracy: 0.5868158340454102
loss: 0.9969631433486938
