Step: 145
accuracy: 0.585883617401123
loss: 0.9998441338539124
