Step: 141
accuracy: 0.5859929323196411
loss: 0.9993190169334412
