Step: 50
accuracy: 0.5909374952316284
loss: 0.999140739440918
