Step: 159
accuracy: 0.5858883261680603
loss: 0.9991011619567871
