Step: 194
accuracy: 0.5860986113548279
loss: 0.9982273578643799
