Step: 35
accuracy: 0.5991071462631226
loss: 0.9923804998397827
