Step: 210
accuracy: 0.5837798118591309
loss: 0.9999592304229736
