Step: 219
accuracy: 0.5835474133491516
loss: 0.999795138835907
