Step: 131
accuracy: 0.5862357020378113
loss: 0.9984249472618103
