Step: 60
accuracy: 0.5869792103767395
loss: 0.9990813732147217
