Step: 10
accuracy: 0.5765625238418579
loss: 1.015473484992981
