Step: 80
accuracy: 0.5884765982627869
loss: 1.0005748271942139
