Step: 126
accuracy: 0.5869296193122864
loss: 0.9963968396186829
