Step: 204
accuracy: 0.5846354365348816
loss: 0.9986591935157776
