Step: 221
accuracy: 0.5836397409439087
loss: 0.9996616840362549
