Step: 156
accuracy: 0.5862379670143127
loss: 0.9995063543319702
