Step: 63
accuracy: 0.5870535969734192
loss: 1.0010569095611572
