Step: 202
accuracy: 0.5846998691558838
loss: 0.9990989565849304
