Step: 218
accuracy: 0.5834288597106934
loss: 1.0000739097595215
