Step: 121
accuracy: 0.5869059562683105
loss: 0.9979276061058044
