Step: 53
accuracy: 0.5863797068595886
loss: 1.0020971298217773
