Step: 24
accuracy: 0.59765625
loss: 1.00049889087677
