Step: 12
accuracy: 0.5755208730697632
loss: 1.0246696472167969
