Step: 178
accuracy: 0.5858497023582458
loss: 0.9983378052711487
