Step: 8
accuracy: 0.583984375
loss: 1.020479440689087
