Step: 248
accuracy: 0.5818422436714172
loss: 1.0012893676757812
