Step: 68
accuracy: 0.5866268277168274
loss: 1.0010557174682617
