Step: 96
accuracy: 0.5872396230697632
loss: 0.9998972415924072
