Step: 249
accuracy: 0.5815763473510742
loss: 1.0015414953231812
