Step: 20
accuracy: 0.594531238079071
loss: 1.0040043592453003
