Step: 109
accuracy: 0.5848623514175415
loss: 1.000773549079895
