Step: 36
accuracy: 0.5950520634651184
loss: 0.9953010678291321
