Step: 115
accuracy: 0.5868206024169922
loss: 0.9981273412704468
