Step: 122
accuracy: 0.5872182846069336
loss: 0.9967947602272034
