Step: 18
accuracy: 0.5920138955116272
loss: 1.0085455179214478
