Step: 166
accuracy: 0.5860316753387451
loss: 0.9984011054039001
