Step: 232
accuracy: 0.5818291902542114
loss: 1.001778483390808
