Step: 54
accuracy: 0.5862268805503845
loss: 1.001086711883545
