Step: 200
accuracy: 0.5855468511581421
loss: 0.9985005855560303
