Step: 48
accuracy: 0.5904948115348816
loss: 1.0006465911865234
