Step: 86
accuracy: 0.5882993936538696
loss: 0.9994332194328308
