Step: 222
accuracy: 0.5833333730697632
loss: 1.0003483295440674
