Step: 223
accuracy: 0.5833801031112671
loss: 1.0010172128677368
