Step: 89
accuracy: 0.5870786309242249
loss: 1.0007375478744507
