Step: 239
accuracy: 0.5805439352989197
loss: 1.0032154321670532
