Step: 162
accuracy: 0.5860339403152466
loss: 0.9988726377487183
