Step: 153
accuracy: 0.5853758454322815
loss: 0.9997740983963013
