Step: 111
accuracy: 0.5858671069145203
loss: 0.9998840093612671
