Step: 84
accuracy: 0.589657723903656
loss: 0.9978578686714172
