Step: 203
accuracy: 0.5845135450363159
loss: 0.9989941120147705
