Step: 228
accuracy: 0.5823739171028137
loss: 1.0015232563018799
