Step: 85
accuracy: 0.5897058844566345
loss: 0.9974928498268127
