Step: 133
accuracy: 0.58658367395401
loss: 0.9977769255638123
