Step: 177
accuracy: 0.5858933329582214
loss: 0.9984846115112305
