Step: 152
accuracy: 0.5857319235801697
loss: 0.9989022612571716
