Step: 212
accuracy: 0.5837264060974121
loss: 0.9998519420623779
