Step: 220
accuracy: 0.5832386016845703
loss: 0.9997884035110474
