Step: 246
accuracy: 0.5818725228309631
loss: 1.0009628534317017
