Step: 262
accuracy: 0.5826574563980103
loss: 1.0001847743988037
