Step: 6
accuracy: 0.5807291865348816
loss: 1.033921241760254
