Step: 25
accuracy: 0.5993750095367432
loss: 0.99747234582901
