Step: 271
accuracy: 0.5820456743240356
loss: 1.0011043548583984
