Step: 224
accuracy: 0.5834263563156128
loss: 1.0009886026382446
