Step: 106
accuracy: 0.5866745114326477
loss: 0.9996870160102844
