Step: 206
accuracy: 0.5839654207229614
loss: 0.9995553493499756
