Step: 136
accuracy: 0.5869715213775635
loss: 0.9975348114967346
