Step: 148
accuracy: 0.5869932174682617
loss: 0.998485803604126
