Step: 191
accuracy: 0.584751307964325
loss: 0.9998348951339722
