Step: 278
accuracy: 0.5821155309677124
loss: 1.0005065202713013
