Step: 130
accuracy: 0.5864182710647583
loss: 0.9985070824623108
