Step: 138
accuracy: 0.5871829986572266
loss: 0.9984502792358398
