Step: 16
accuracy: 0.5859375
loss: 1.0108513832092285
