Step: 116
accuracy: 0.5870150923728943
loss: 0.9982070326805115
