Step: 44
accuracy: 0.5933948755264282
loss: 0.997063934803009
