Step: 107
accuracy: 0.5860105156898499
loss: 0.9999197721481323
