Step: 91
accuracy: 0.5860233902931213
loss: 1.0000725984573364
