Step: 267
accuracy: 0.5817532539367676
loss: 1.0016716718673706
