Step: 37
accuracy: 0.5950168371200562
loss: 0.9954265356063843
