Step: 196
accuracy: 0.5856983065605164
loss: 0.9985133409500122
