Step: 28
accuracy: 0.5970982313156128
loss: 1.00213623046875
