Step: 87
accuracy: 0.5892600417137146
loss: 0.9974838495254517
