Step: 183
accuracy: 0.5851263403892517
loss: 0.9999551177024841
