Step: 172
accuracy: 0.5860283374786377
loss: 0.9981309771537781
