Step: 235
accuracy: 0.5810505151748657
loss: 1.002685785293579
