Step: 32
accuracy: 0.59619140625
loss: 0.998477578163147
