Step: 182
accuracy: 0.5853365659713745
loss: 0.999518096446991
