Step: 233
accuracy: 0.5817462205886841
loss: 1.0017074346542358
