Step: 229
accuracy: 0.5820824503898621
loss: 1.0018223524093628
