Step: 74
accuracy: 0.587837815284729
loss: 0.9989694952964783
