Step: 119
accuracy: 0.5870535969734192
loss: 0.9981077313423157
