Step: 113
accuracy: 0.5851770043373108
loss: 1.0017982721328735
