Step: 231
accuracy: 0.5819805264472961
loss: 1.0016634464263916
