Step: 193
accuracy: 0.5858160853385925
loss: 0.9983199238777161
