Step: 124
accuracy: 0.5877016186714172
loss: 0.9964534044265747
