Step: 244
accuracy: 0.5818391442298889
loss: 1.0013185739517212
