Step: 1
accuracy: 0.484375
loss: 1.2901861667633057
