Step: 237
accuracy: 0.5805643796920776
loss: 1.0035080909729004
