Step: 69
accuracy: 0.5869565606117249
loss: 1.0003371238708496
