Step: 265
accuracy: 0.5816627740859985
loss: 1.001869797706604
