Step: 26
accuracy: 0.5973557829856873
loss: 1.000730037689209
