Step: 273
accuracy: 0.5819025039672852
loss: 1.001312017440796
