Step: 253
accuracy: 0.5818305611610413
loss: 1.0009819269180298
