Step: 78
accuracy: 0.5883413553237915
loss: 0.9986377954483032
