Step: 157
accuracy: 0.5860868096351624
loss: 0.9995921850204468
