Step: 45
accuracy: 0.5927083492279053
loss: 0.9974021315574646
