Step: 190
accuracy: 0.5851151347160339
loss: 0.9994875192642212
