Step: 276
accuracy: 0.5826539993286133
loss: 0.9998634457588196
