Step: 135
accuracy: 0.5865740776062012
loss: 0.9982970952987671
