Step: 97
accuracy: 0.5871456265449524
loss: 1.0001106262207031
