Step: 176
accuracy: 0.5869140625
loss: 0.9973956346511841
