Step: 195
accuracy: 0.5858173370361328
loss: 0.9984341859817505
