Step: 33
accuracy: 0.5984848141670227
loss: 0.9951288104057312
