Step: 134
accuracy: 0.5862873196601868
loss: 0.9988006353378296
