Step: 88
accuracy: 0.587890625
loss: 0.9992862343788147
