Step: 263
accuracy: 0.5822837352752686
loss: 1.0006078481674194
