Step: 251
accuracy: 0.5819223523139954
loss: 1.0013107061386108
