Step: 39
accuracy: 0.5933493375778198
loss: 0.9958726167678833
