Step: 261
accuracy: 0.5823755264282227
loss: 1.0004462003707886
