Step: 42
accuracy: 0.5944940447807312
loss: 0.9932460784912109
