Step: 155
accuracy: 0.5863910913467407
loss: 0.9995142817497253
