Step: 82
accuracy: 0.5897484421730042
loss: 0.998236358165741
