Step: 277
accuracy: 0.5824683904647827
loss: 1.0003384351730347
