Step: 197
accuracy: 0.5857391953468323
loss: 0.9986658096313477
