Step: 281
accuracy: 0.5816836953163147
loss: 1.0003087520599365
