Step: 180
accuracy: 0.585850715637207
loss: 0.9986682534217834
