Step: 49
accuracy: 0.5908800959587097
loss: 0.9993784427642822
