Step: 268
accuracy: 0.58203125
loss: 1.0013126134872437
