Step: 168
accuracy: 0.5866815447807312
loss: 0.9972909688949585
