Step: 58
accuracy: 0.5862069129943848
loss: 0.9987106323242188
