Step: 79
accuracy: 0.5893987417221069
loss: 0.9988924264907837
