Step: 250
accuracy: 0.5815625190734863
loss: 1.0015723705291748
