Step: 252
accuracy: 0.5819072723388672
loss: 1.001249074935913
