Step: 15
accuracy: 0.5833333730697632
loss: 1.0176876783370972
