Step: 9
accuracy: 0.5815972089767456
loss: 1.009604573249817
