Step: 34
accuracy: 0.6011029481887817
loss: 0.9923025965690613
