Step: 73
accuracy: 0.5869006514549255
loss: 0.9996655583381653
