Step: 230
accuracy: 0.5819293260574341
loss: 1.0015842914581299
