Step: 211
accuracy: 0.583827018737793
loss: 0.9996586441993713
