Step: 207
accuracy: 0.58423912525177
loss: 0.9995071887969971
