Step: 125
accuracy: 0.5872500538825989
loss: 0.9964666366577148
