Step: 95
accuracy: 0.5881578922271729
loss: 0.9984732866287231
