Step: 225
accuracy: 0.5829166769981384
loss: 1.001514196395874
