Step: 98
accuracy: 0.5868940949440002
loss: 1.0008220672607422
