Step: 192
accuracy: 0.5855306386947632
loss: 0.9988586902618408
