Step: 146
accuracy: 0.5865796208381653
loss: 0.9990398287773132
