Step: 65
accuracy: 0.5884615182876587
loss: 1.0000355243682861
