Step: 274
accuracy: 0.5821167826652527
loss: 1.0007457733154297
