Step: 81
accuracy: 0.5891203880310059
loss: 0.9986991286277771
