Step: 254
accuracy: 0.5820004940032959
loss: 1.000786542892456
