Step: 142
accuracy: 0.5862675905227661
loss: 0.9993515610694885
