Step: 102
accuracy: 0.5877757668495178
loss: 0.9996430277824402
