Step: 173
accuracy: 0.5858923196792603
loss: 0.9987473487854004
