Step: 29
accuracy: 0.5932112336158752
loss: 1.0060384273529053
