Step: 164
accuracy: 0.5851752758026123
loss: 1.000032663345337
