Step: 3
accuracy: 0.5677083730697632
loss: 1.0875089168548584
