Step: 90
accuracy: 0.5866319537162781
loss: 1.0006067752838135
