Step: 110
accuracy: 0.5846590995788574
loss: 1.0013881921768188
