Step: 275
accuracy: 0.5820454359054565
loss: 1.0005600452423096
