Step: 120
accuracy: 0.5865885615348816
loss: 0.9986753463745117
