Step: 242
accuracy: 0.5816761255264282
loss: 1.0015900135040283
