Step: 161
accuracy: 0.5858889818191528
loss: 0.999481201171875
