Step: 227
accuracy: 0.5828744173049927
loss: 1.001218318939209
