Step: 181
accuracy: 0.5852900743484497
loss: 0.9993491172790527
