Step: 160
accuracy: 0.5855469107627869
loss: 0.9999369978904724
