Step: 31
accuracy: 0.5962701439857483
loss: 0.9984265565872192
