Step: 179
accuracy: 0.5858066082000732
loss: 0.9983820915222168
