Step: 123
accuracy: 0.5876525044441223
loss: 0.9963112473487854
