Step: 185
accuracy: 0.5847973227500916
loss: 1.0004090070724487
