Step: 213
accuracy: 0.5832599997520447
loss: 1.0003688335418701
