Step: 93
accuracy: 0.5873655676841736
loss: 0.9987354278564453
