Step: 199
accuracy: 0.5853486061096191
loss: 0.9991738796234131
