Step: 27
accuracy: 0.5949074029922485
loss: 1.0036590099334717
