Step: 147
accuracy: 0.5868409872055054
loss: 0.9986215829849243
