Step: 101
accuracy: 0.5877165794372559
loss: 0.9988511800765991
