Step: 55
accuracy: 0.5869318246841431
loss: 0.9985691905021667
