Step: 247
accuracy: 0.5814777612686157
loss: 1.0016099214553833
