Step: 71
accuracy: 0.5853872895240784
loss: 1.0024493932724
