Step: 241
accuracy: 0.5816909074783325
loss: 1.0016148090362549
