Step: 112
accuracy: 0.5859375
loss: 1.0006345510482788
