Step: 94
accuracy: 0.5875996947288513
loss: 0.9987776279449463
