Step: 186
accuracy: 0.5852654576301575
loss: 1.0000697374343872
