Step: 19
accuracy: 0.5953947305679321
loss: 1.002946376800537
