Step: 61
accuracy: 0.5873463749885559
loss: 0.999767005443573
