Step: 47
accuracy: 0.5907579660415649
loss: 0.9992478489875793
