Step: 105
accuracy: 0.5870535969734192
loss: 0.9992374181747437
