Step: 279
accuracy: 0.5821012258529663
loss: 1.0003353357315063
