Step: 127
accuracy: 0.5873523354530334
loss: 0.9958207011222839
