Step: 139
accuracy: 0.5875674486160278
loss: 0.9974213242530823
