Step: 171
accuracy: 0.5865314602851868
loss: 0.9974778294563293
