Step: 59
accuracy: 0.5871292352676392
loss: 0.9996675252914429
