Step: 83
accuracy: 0.5896084308624268
loss: 0.9979835748672485
