Step: 216
accuracy: 0.5833333134651184
loss: 1.0003007650375366
