Step: 62
accuracy: 0.5877016186714172
loss: 0.9993972778320312
