Step: 117
accuracy: 0.587206244468689
loss: 0.9979604482650757
