Step: 104
accuracy: 0.5866886973381042
loss: 1.000076174736023
