Step: 100
accuracy: 0.5878124833106995
loss: 0.9995943307876587
