Step: 137
accuracy: 0.5866788029670715
loss: 0.9985179901123047
