Step: 11
accuracy: 0.5795454978942871
loss: 1.0142874717712402
