Step: 201
accuracy: 0.58527672290802
loss: 0.9988317489624023
