Step: 56
accuracy: 0.587890625
loss: 0.9963195323944092
