Step: 272
accuracy: 0.5819737911224365
loss: 1.0012316703796387
