Step: 215
accuracy: 0.5832121968269348
loss: 1.0008009672164917
