Step: 154
accuracy: 0.5857346057891846
loss: 0.9996036887168884
