Step: 208
accuracy: 0.583834171295166
loss: 0.9998887777328491
