Step: 75
accuracy: 0.5868749618530273
loss: 0.9988486170768738
