Step: 4
accuracy: 0.58203125
loss: 1.044272541999817
