Step: 17
accuracy: 0.5882353186607361
loss: 1.0119339227676392
