Step: 214
accuracy: 0.58330899477005
loss: 1.0005100965499878
