Step: 13
accuracy: 0.5805288553237915
loss: 1.0181941986083984
