Step: 5
accuracy: 0.581250011920929
loss: 1.0478515625
