Step: 41
accuracy: 0.5922256112098694
loss: 0.9955270886421204
