Step: 245
accuracy: 0.5818877220153809
loss: 1.0009305477142334
