Step: 57
accuracy: 0.5877193212509155
loss: 0.9964205026626587
