Step: 67
accuracy: 0.5865205526351929
loss: 1.0024293661117554
