Step: 143
accuracy: 0.5859920978546143
loss: 1.0001921653747559
