Step: 92
accuracy: 0.586277186870575
loss: 0.9994251728057861
