Step: 184
accuracy: 0.585343062877655
loss: 0.9997498393058777
