Step: 234
accuracy: 0.5813301801681519
loss: 1.0021510124206543
