Step: 64
accuracy: 0.587158203125
loss: 1.0013712644577026
