Step: 209
accuracy: 0.5837320685386658
loss: 0.9999887347221375
