Step: 52
accuracy: 0.5886418223381042
loss: 1.0013583898544312
