Step: 250
accuracy: 0.6045000553131104
loss: 0.9477922320365906
