Step: 215
accuracy: 0.6036337018013
loss: 0.9471279978752136
