Step: 198
accuracy: 0.6011679172515869
loss: 0.9492884278297424
