Step: 145
accuracy: 0.6014008522033691
loss: 0.9492312669754028
