Step: 39
accuracy: 0.598557710647583
loss: 0.940948486328125
