Step: 134
accuracy: 0.6015625
loss: 0.9461552500724792
