Step: 33
accuracy: 0.6027461886405945
loss: 0.9361729621887207
