Step: 210
accuracy: 0.6030505895614624
loss: 0.9475710988044739
