Step: 245
accuracy: 0.6042091846466064
loss: 0.9472346901893616
