Step: 70
accuracy: 0.5944196581840515
loss: 0.9543958306312561
