Step: 118
accuracy: 0.6028866767883301
loss: 0.9441671371459961
