Step: 27
accuracy: 0.6041666865348816
loss: 0.9366604089736938
