Step: 265
accuracy: 0.6055424809455872
loss: 0.9473892450332642
