Step: 259
accuracy: 0.6049710512161255
loss: 0.9475566148757935
