Step: 225
accuracy: 0.6038889288902283
loss: 0.9466264843940735
