Step: 249
accuracy: 0.6041666865348816
loss: 0.9482840299606323
