Step: 31
accuracy: 0.6038306355476379
loss: 0.932949960231781
