Step: 81
accuracy: 0.5970293283462524
loss: 0.9531858563423157
