Step: 233
accuracy: 0.6053513884544373
loss: 0.9450629949569702
