Step: 99
accuracy: 0.6002209782600403
loss: 0.9506054520606995
