Step: 111
accuracy: 0.6017736792564392
loss: 0.9481086730957031
