Step: 132
accuracy: 0.6023910641670227
loss: 0.945237398147583
