Step: 10
accuracy: 0.6156250238418579
loss: 0.9388999938964844
