Step: 23
accuracy: 0.604619562625885
loss: 0.9393739700317383
