Step: 11
accuracy: 0.6207386255264282
loss: 0.9312494993209839
