Step: 18
accuracy: 0.6145833134651184
loss: 0.9354351758956909
