Step: 91
accuracy: 0.6014766693115234
loss: 0.9494579434394836
