Step: 270
accuracy: 0.606249988079071
loss: 0.946820855140686
