Step: 239
accuracy: 0.6053870320320129
loss: 0.94549161195755
