Step: 123
accuracy: 0.6027693748474121
loss: 0.944548487663269
