Step: 46
accuracy: 0.5947690606117249
loss: 0.9519426226615906
