Step: 38
accuracy: 0.6003289222717285
loss: 0.9384829998016357
