Step: 163
accuracy: 0.6022814512252808
loss: 0.9496235847473145
