Step: 58
accuracy: 0.5961745381355286
loss: 0.9503975510597229
