Step: 36
accuracy: 0.6037326455116272
loss: 0.9358885884284973
