Step: 240
accuracy: 0.6050130724906921
loss: 0.945617139339447
