Step: 158
accuracy: 0.6019580960273743
loss: 0.9497777223587036
