Step: 155
accuracy: 0.6017137169837952
loss: 0.9486656785011292
