Step: 26
accuracy: 0.6051682829856873
loss: 0.9375684261322021
