Step: 246
accuracy: 0.6040396690368652
loss: 0.9475821256637573
