Step: 214
accuracy: 0.6035338640213013
loss: 0.947005033493042
