Step: 183
accuracy: 0.6006659865379333
loss: 0.9502778053283691
