Step: 37
accuracy: 0.6021959185600281
loss: 0.9378090500831604
