Step: 261
accuracy: 0.6052442789077759
loss: 0.9476484060287476
