Step: 1
accuracy: 0.59375
loss: 1.0317364931106567
