Step: 222
accuracy: 0.6033220887184143
loss: 0.9467798471450806
