Step: 278
accuracy: 0.6070143580436707
loss: 0.9464075565338135
