Step: 160
accuracy: 0.6014648675918579
loss: 0.9501875042915344
