Step: 59
accuracy: 0.5958686470985413
loss: 0.9504084587097168
