Step: 220
accuracy: 0.6030539870262146
loss: 0.9471402168273926
