Step: 45
accuracy: 0.5965278148651123
loss: 0.9499788880348206
