Step: 114
accuracy: 0.6033443212509155
loss: 0.9460443258285522
