Step: 207
accuracy: 0.6023550629615784
loss: 0.9477836489677429
