Step: 271
accuracy: 0.6064345240592957
loss: 0.9465477466583252
