Step: 262
accuracy: 0.6053196787834167
loss: 0.9475739598274231
