Step: 167
accuracy: 0.601889967918396
loss: 0.9493342638015747
