Step: 89
accuracy: 0.6014747023582458
loss: 0.9486771821975708
