Step: 150
accuracy: 0.6004166603088379
loss: 0.9504997134208679
