Step: 6
accuracy: 0.6223958730697632
loss: 0.9345948100090027
