Step: 49
accuracy: 0.5959821343421936
loss: 0.9512279629707336
