Step: 218
accuracy: 0.6034259796142578
loss: 0.9467464089393616
