Step: 157
accuracy: 0.6022093892097473
loss: 0.9488921165466309
