Step: 188
accuracy: 0.6008144617080688
loss: 0.9493961334228516
