Step: 53
accuracy: 0.5969929099082947
loss: 0.9488195776939392
