Step: 236
accuracy: 0.6051377058029175
loss: 0.9456846714019775
