Step: 186
accuracy: 0.600974440574646
loss: 0.9495060443878174
