Step: 65
accuracy: 0.5973557829856873
loss: 0.9504286646842957
