Step: 9
accuracy: 0.6128472089767456
loss: 0.9399212002754211
