Step: 243
accuracy: 0.6041024327278137
loss: 0.9469946026802063
