Step: 44
accuracy: 0.5973011255264282
loss: 0.9479560852050781
