Step: 126
accuracy: 0.602306604385376
loss: 0.9449739456176758
