Step: 229
accuracy: 0.6043941378593445
loss: 0.9460324048995972
