Step: 131
accuracy: 0.6030534505844116
loss: 0.944220781326294
