Step: 197
accuracy: 0.6014435291290283
loss: 0.9491946697235107
