Step: 30
accuracy: 0.6031250357627869
loss: 0.9347886443138123
