Step: 170
accuracy: 0.6014705896377563
loss: 0.9499998092651367
