Step: 135
accuracy: 0.6009259223937988
loss: 0.9470304846763611
