Step: 17
accuracy: 0.6204044222831726
loss: 0.9301538467407227
