Step: 169
accuracy: 0.6019785404205322
loss: 0.949342668056488
