Step: 71
accuracy: 0.5950704216957092
loss: 0.9539222121238708
