Step: 103
accuracy: 0.6013349294662476
loss: 0.9494760632514954
