Step: 253
accuracy: 0.6044343113899231
loss: 0.9479334354400635
