Step: 77
accuracy: 0.5974025726318359
loss: 0.954369068145752
