Step: 274
accuracy: 0.606238603591919
loss: 0.9473277926445007
