Step: 258
accuracy: 0.604651153087616
loss: 0.9478222131729126
