Step: 100
accuracy: 0.5998437404632568
loss: 0.9509079456329346
