Step: 86
accuracy: 0.5986555218696594
loss: 0.953179657459259
