Step: 235
accuracy: 0.6051861643791199
loss: 0.9454358816146851
