Step: 224
accuracy: 0.6043527126312256
loss: 0.945920467376709
