Step: 87
accuracy: 0.5998563170433044
loss: 0.9519205093383789
