Step: 168
accuracy: 0.601934552192688
loss: 0.9490964412689209
