Step: 32
accuracy: 0.603515625
loss: 0.9340192079544067
