Step: 234
accuracy: 0.6053686141967773
loss: 0.9451050162315369
