Step: 171
accuracy: 0.6008772253990173
loss: 0.9505751132965088
