Step: 79
accuracy: 0.5957278609275818
loss: 0.9556064009666443
