Step: 257
accuracy: 0.6046327948570251
loss: 0.9477904438972473
