Step: 175
accuracy: 0.600803554058075
loss: 0.9497876763343811
