Step: 133
accuracy: 0.6023261547088623
loss: 0.9453961849212646
