Step: 63
accuracy: 0.5974702835083008
loss: 0.950026273727417
