Step: 69
accuracy: 0.5953351855278015
loss: 0.9537568092346191
