Step: 68
accuracy: 0.5955882668495178
loss: 0.9525724053382874
