Step: 141
accuracy: 0.601285457611084
loss: 0.9485028386116028
