Step: 124
accuracy: 0.6026965379714966
loss: 0.944593071937561
