Step: 237
accuracy: 0.6054852604866028
loss: 0.9455333948135376
