Step: 51
accuracy: 0.5946691632270813
loss: 0.9510780572891235
