Step: 146
accuracy: 0.6003852486610413
loss: 0.9508654475212097
