Step: 116
accuracy: 0.6033135652542114
loss: 0.9449975490570068
