Step: 166
accuracy: 0.6016566753387451
loss: 0.949560284614563
