Step: 115
accuracy: 0.603804349899292
loss: 0.9446766972541809
