Step: 203
accuracy: 0.601754903793335
loss: 0.9482600688934326
