Step: 159
accuracy: 0.6022012233734131
loss: 0.9492785334587097
