Step: 62
accuracy: 0.596774160861969
loss: 0.9505485892295837
