Step: 195
accuracy: 0.6014423370361328
loss: 0.9490702748298645
