Step: 90
accuracy: 0.600694477558136
loss: 0.9500058889389038
