Step: 82
accuracy: 0.5981326103210449
loss: 0.9522388577461243
