Step: 88
accuracy: 0.6008523106575012
loss: 0.950202465057373
