Step: 21
accuracy: 0.613095223903656
loss: 0.9374634027481079
