Step: 162
accuracy: 0.6021412014961243
loss: 0.9492673873901367
