Step: 112
accuracy: 0.6022600531578064
loss: 0.9476873874664307
