Step: 281
accuracy: 0.607206404209137
loss: 0.9464090466499329
