Step: 8
accuracy: 0.61328125
loss: 0.9458807110786438
