Step: 52
accuracy: 0.5961538553237915
loss: 0.9500598311424255
