Step: 128
accuracy: 0.6021728515625
loss: 0.9461522102355957
