Step: 272
accuracy: 0.6064453125
loss: 0.9465283751487732
