Step: 266
accuracy: 0.6054394245147705
loss: 0.9475599527359009
