Step: 208
accuracy: 0.6026142239570618
loss: 0.9478265047073364
