Step: 172
accuracy: 0.601017415523529
loss: 0.9505646228790283
