Step: 66
accuracy: 0.5958806872367859
loss: 0.9514947533607483
