Step: 219
accuracy: 0.6033105254173279
loss: 0.9469994306564331
