Step: 106
accuracy: 0.6017099022865295
loss: 0.9483062624931335
