Step: 147
accuracy: 0.6008715629577637
loss: 0.9506630301475525
