Step: 260
accuracy: 0.6051682829856873
loss: 0.9474520087242126
