Step: 174
accuracy: 0.6005747318267822
loss: 0.9502515196800232
