Step: 182
accuracy: 0.6002747416496277
loss: 0.9506000280380249
