Step: 179
accuracy: 0.6009078621864319
loss: 0.9492122530937195
