Step: 50
accuracy: 0.5953124761581421
loss: 0.9507923722267151
