Step: 173
accuracy: 0.6006141304969788
loss: 0.950833797454834
