Step: 255
accuracy: 0.6047793626785278
loss: 0.9474135041236877
