Step: 209
accuracy: 0.6030951142311096
loss: 0.9476673007011414
