Step: 242
accuracy: 0.6042096614837646
loss: 0.9467137455940247
