Step: 226
accuracy: 0.603774905204773
loss: 0.9468653798103333
