Step: 76
accuracy: 0.5970394611358643
loss: 0.9541386961936951
