Step: 15
accuracy: 0.6250000596046448
loss: 0.9292934536933899
