Step: 84
accuracy: 0.5982142686843872
loss: 0.9523882269859314
