Step: 184
accuracy: 0.6006284356117249
loss: 0.949891984462738
