Step: 55
accuracy: 0.5948863625526428
loss: 0.9520295858383179
