Step: 78
accuracy: 0.5959535241127014
loss: 0.9553901553153992
