Step: 254
accuracy: 0.6044537425041199
loss: 0.9476969242095947
