Step: 129
accuracy: 0.6028342843055725
loss: 0.9451761245727539
