Step: 67
accuracy: 0.5965485572814941
loss: 0.9508705139160156
