Step: 29
accuracy: 0.6061422228813171
loss: 0.9317198991775513
