Step: 93
accuracy: 0.6013104915618896
loss: 0.9493588805198669
