Step: 196
accuracy: 0.6015625
loss: 0.949184000492096
