Step: 248
accuracy: 0.6040826439857483
loss: 0.9480689167976379
