Step: 217
accuracy: 0.6036866307258606
loss: 0.9469166994094849
