Step: 35
accuracy: 0.6026785969734192
loss: 0.9365810751914978
