Step: 56
accuracy: 0.59375
loss: 0.9522615075111389
