Step: 94
accuracy: 0.600731372833252
loss: 0.9492101073265076
