Step: 211
accuracy: 0.6031546592712402
loss: 0.9472777843475342
