Step: 154
accuracy: 0.6015625
loss: 0.94896399974823
