Step: 139
accuracy: 0.6011690497398376
loss: 0.9480715394020081
