Step: 180
accuracy: 0.6005208492279053
loss: 0.9498946666717529
