Step: 277
accuracy: 0.6070058345794678
loss: 0.94619220495224
