Step: 108
accuracy: 0.6017071604728699
loss: 0.9482289552688599
