Step: 221
accuracy: 0.6027997732162476
loss: 0.9473040103912354
