Step: 144
accuracy: 0.6014540195465088
loss: 0.9492678046226501
