Step: 2
accuracy: 0.609375
loss: 0.9796168208122253
