Step: 194
accuracy: 0.6012403964996338
loss: 0.9488241076469421
