Step: 60
accuracy: 0.5955729484558105
loss: 0.9524002075195312
