Step: 268
accuracy: 0.6058185696601868
loss: 0.9472076892852783
