Step: 107
accuracy: 0.6016355156898499
loss: 0.9483084678649902
