Step: 24
accuracy: 0.6041666865348816
loss: 0.9387201070785522
