Step: 113
accuracy: 0.6032909154891968
loss: 0.9466460347175598
