Step: 110
accuracy: 0.6018465757369995
loss: 0.9480045437812805
