Step: 41
accuracy: 0.5987042188644409
loss: 0.941295862197876
