Step: 96
accuracy: 0.6004232168197632
loss: 0.95036780834198
