Step: 75
accuracy: 0.5972916483879089
loss: 0.9533063173294067
