Step: 152
accuracy: 0.6006373167037964
loss: 0.9507017731666565
