Step: 137
accuracy: 0.600479006767273
loss: 0.948155403137207
