Step: 161
accuracy: 0.6022903919219971
loss: 0.9493933320045471
