Step: 279
accuracy: 0.6070228219032288
loss: 0.9465978741645813
