Step: 273
accuracy: 0.6062270998954773
loss: 0.9468604922294617
