Step: 193
accuracy: 0.6008743643760681
loss: 0.949293851852417
