Step: 138
accuracy: 0.601222813129425
loss: 0.9483921527862549
