Step: 83
accuracy: 0.5984563231468201
loss: 0.9528164863586426
