Step: 57
accuracy: 0.5953947305679321
loss: 0.9506803154945374
