Step: 238
accuracy: 0.6056329011917114
loss: 0.9452447891235352
