Step: 151
accuracy: 0.6006829738616943
loss: 0.9499436020851135
