Step: 227
accuracy: 0.6040748357772827
loss: 0.9467612504959106
