Step: 148
accuracy: 0.6010345816612244
loss: 0.9503316879272461
