Step: 40
accuracy: 0.5980468988418579
loss: 0.9430200457572937
