Step: 43
accuracy: 0.5973837375640869
loss: 0.9444956183433533
