Step: 244
accuracy: 0.6040599942207336
loss: 0.9471731185913086
