Step: 102
accuracy: 0.6006433963775635
loss: 0.9502102136611938
