Step: 5
accuracy: 0.637499988079071
loss: 0.9175810217857361
