Step: 251
accuracy: 0.6043949127197266
loss: 0.947930097579956
