Step: 97
accuracy: 0.6008376479148865
loss: 0.9504424333572388
