Step: 119
accuracy: 0.6028099060058594
loss: 0.9441180229187012
