Step: 101
accuracy: 0.6004022359848022
loss: 0.9506489634513855
