Step: 95
accuracy: 0.6000000238418579
loss: 0.9508623480796814
