Step: 189
accuracy: 0.6010251641273499
loss: 0.9491405487060547
