Step: 280
accuracy: 0.6071986556053162
loss: 0.946392834186554
