Step: 72
accuracy: 0.595703125
loss: 0.9541451334953308
