Step: 269
accuracy: 0.6062964797019958
loss: 0.9467051029205322
