Step: 120
accuracy: 0.6029947996139526
loss: 0.9439221620559692
