Step: 28
accuracy: 0.6037946939468384
loss: 0.9363383054733276
