Step: 48
accuracy: 0.5921224355697632
loss: 0.955077052116394
