Step: 223
accuracy: 0.6038396954536438
loss: 0.9463239312171936
