Step: 25
accuracy: 0.6043750047683716
loss: 0.9393847584724426
