Step: 201
accuracy: 0.6013681292533875
loss: 0.9491570591926575
