Step: 177
accuracy: 0.6007238626480103
loss: 0.9495822191238403
