Step: 73
accuracy: 0.596746563911438
loss: 0.9527755975723267
