Step: 256
accuracy: 0.6046142578125
loss: 0.9479439854621887
