Step: 228
accuracy: 0.6036869287490845
loss: 0.9470050930976868
