Step: 20
accuracy: 0.616406261920929
loss: 0.9316784739494324
