Step: 85
accuracy: 0.5981617569923401
loss: 0.9534470438957214
