Step: 4
accuracy: 0.6328125
loss: 0.9289827346801758
