Step: 202
accuracy: 0.601253092288971
loss: 0.9490638971328735
