Step: 16
accuracy: 0.623046875
loss: 0.931617021560669
