Step: 165
accuracy: 0.6022727489471436
loss: 0.9490982294082642
