Step: 185
accuracy: 0.6007601618766785
loss: 0.9494015574455261
