Step: 232
accuracy: 0.6049299836158752
loss: 0.9458237290382385
