Step: 121
accuracy: 0.6022726893424988
loss: 0.9452454447746277
