Step: 80
accuracy: 0.5962890982627869
loss: 0.9547402262687683
