Step: 216
accuracy: 0.6035879850387573
loss: 0.9472087621688843
