Step: 3
accuracy: 0.6354166865348816
loss: 0.9222478866577148
