Step: 74
accuracy: 0.5973395109176636
loss: 0.9525511264801025
