Step: 264
accuracy: 0.6055871248245239
loss: 0.9472033381462097
