Step: 136
accuracy: 0.6006433963775635
loss: 0.9478099942207336
