Step: 47
accuracy: 0.5934175252914429
loss: 0.9525639414787292
