Step: 190
accuracy: 0.6014803051948547
loss: 0.9485312700271606
