Step: 275
accuracy: 0.6065341234207153
loss: 0.9470064043998718
