Step: 143
accuracy: 0.6010708212852478
loss: 0.949369490146637
