Step: 19
accuracy: 0.6126644611358643
loss: 0.9367772936820984
