Step: 213
accuracy: 0.6034331321716309
loss: 0.9472907781600952
