Step: 92
accuracy: 0.60105299949646
loss: 0.9495346546173096
