Step: 122
accuracy: 0.602587103843689
loss: 0.9448292255401611
