Step: 140
accuracy: 0.6015625
loss: 0.9476535320281982
