Step: 109
accuracy: 0.60163414478302
loss: 0.9484933614730835
