Step: 241
accuracy: 0.6044476628303528
loss: 0.9463821053504944
