Step: 252
accuracy: 0.604414701461792
loss: 0.9480904936790466
