Step: 149
accuracy: 0.6005662679672241
loss: 0.9505341649055481
