Step: 164
accuracy: 0.6027057766914368
loss: 0.9485326409339905
