Step: 282
accuracy: 0.6072778105735779
loss: 0.9464079737663269
