Step: 199
accuracy: 0.6012876629829407
loss: 0.9494156241416931
