Step: 206
accuracy: 0.6025485396385193
loss: 0.9475442171096802
