Step: 61
accuracy: 0.594774603843689
loss: 0.9529145359992981
