Step: 98
accuracy: 0.5999680757522583
loss: 0.950807511806488
