Step: 187
accuracy: 0.6008523106575012
loss: 0.9494897723197937
