Step: 125
accuracy: 0.6023750305175781
loss: 0.9447144269943237
