Step: 156
accuracy: 0.602463960647583
loss: 0.948382556438446
