Step: 263
accuracy: 0.6055727005004883
loss: 0.9472631216049194
