Step: 276
accuracy: 0.6063745617866516
loss: 0.9469391107559204
