Step: 64
accuracy: 0.598388671875
loss: 0.9490866661071777
