Step: 14
accuracy: 0.6261160969734192
loss: 0.9251335859298706
