Step: 204
accuracy: 0.6018688678741455
loss: 0.9483476281166077
