Step: 13
accuracy: 0.6201923489570618
loss: 0.9261219501495361
