Step: 54
accuracy: 0.5969328880310059
loss: 0.9491642713546753
