Step: 42
accuracy: 0.5970982313156128
loss: 0.9451177716255188
