Step: 117
accuracy: 0.6030983328819275
loss: 0.9445784091949463
