Step: 127
accuracy: 0.6023622155189514
loss: 0.9455286264419556
