Step: 230
accuracy: 0.6042798757553101
loss: 0.9462392330169678
