Step: 200
accuracy: 0.6014062166213989
loss: 0.9491844773292542
