Step: 142
accuracy: 0.6014524698257446
loss: 0.9481537342071533
