Step: 178
accuracy: 0.6010358333587646
loss: 0.9491238594055176
