Step: 231
accuracy: 0.6045048832893372
loss: 0.9461402297019958
