Step: 205
accuracy: 0.6022865772247314
loss: 0.9478215575218201
