Step: 192
accuracy: 0.6012369990348816
loss: 0.948981523513794
