Step: 212
accuracy: 0.602962851524353
loss: 0.9477785229682922
