Step: 104
accuracy: 0.6009615659713745
loss: 0.9491151571273804
