Step: 153
accuracy: 0.6015114188194275
loss: 0.9495846629142761
