Step: 12
accuracy: 0.6263021230697632
loss: 0.923481822013855
