Step: 267
accuracy: 0.6055126190185547
loss: 0.9476566910743713
