Step: 247
accuracy: 0.6041877865791321
loss: 0.9477367401123047
