Step: 105
accuracy: 0.6004464626312256
loss: 0.9498082399368286
