Step: 191
accuracy: 0.6008671522140503
loss: 0.9491885900497437
