Step: 181
accuracy: 0.6006560921669006
loss: 0.9501683115959167
