Step: 130
accuracy: 0.6030048131942749
loss: 0.9443204402923584
