Step: 176
accuracy: 0.6004971861839294
loss: 0.9499498009681702
