Step: 22
accuracy: 0.6065341234207153
loss: 0.9416087865829468
