Step: 55
accuracy: 0.5999999642372131
loss: 0.9679071307182312
