Step: 192
accuracy: 0.5980631709098816
loss: 0.9690145254135132
