Step: 17
accuracy: 0.591911792755127
loss: 0.9755528569221497
