Step: 142
accuracy: 0.5995818376541138
loss: 0.9660946130752563
