Step: 185
accuracy: 0.5983108282089233
loss: 0.9680680632591248
