Step: 22
accuracy: 0.6044034361839294
loss: 0.9602958559989929
