Step: 196
accuracy: 0.5983737111091614
loss: 0.9681978821754456
