Step: 147
accuracy: 0.5993834733963013
loss: 0.9666552543640137
