Step: 96
accuracy: 0.5974935293197632
loss: 0.9709917902946472
