Step: 238
accuracy: 0.5995273590087891
loss: 0.9647184014320374
