Step: 113
accuracy: 0.59831303358078
loss: 0.9680700302124023
