Step: 78
accuracy: 0.6003605723381042
loss: 0.9663705229759216
