Step: 188
accuracy: 0.5987367033958435
loss: 0.9674299955368042
