Step: 205
accuracy: 0.5974847674369812
loss: 0.9679303169250488
