Step: 160
accuracy: 0.596484363079071
loss: 0.9697697758674622
