Step: 151
accuracy: 0.5991308093070984
loss: 0.9662253260612488
