Step: 216
accuracy: 0.5975115895271301
loss: 0.9681304097175598
