Step: 143
accuracy: 0.5997596383094788
loss: 0.9658369421958923
