Step: 66
accuracy: 0.6008522510528564
loss: 0.9651828408241272
