Step: 71
accuracy: 0.6021126508712769
loss: 0.9662014245986938
