Step: 45
accuracy: 0.59375
loss: 0.9782501459121704
