Step: 194
accuracy: 0.5985825061798096
loss: 0.968167781829834
