Step: 89
accuracy: 0.5983145833015442
loss: 0.9692952036857605
