Step: 31
accuracy: 0.6018145084381104
loss: 0.973515510559082
