Step: 163
accuracy: 0.5969133377075195
loss: 0.9695623517036438
