Step: 148
accuracy: 0.5992398262023926
loss: 0.9667224884033203
