Step: 180
accuracy: 0.5974826812744141
loss: 0.969044029712677
