Step: 254
accuracy: 0.6015009880065918
loss: 0.9630957245826721
