Step: 138
accuracy: 0.5990715622901917
loss: 0.9660462141036987
