Step: 97
accuracy: 0.5974549055099487
loss: 0.9704821705818176
