Step: 253
accuracy: 0.6012228727340698
loss: 0.9633257985115051
