Step: 153
accuracy: 0.5976307392120361
loss: 0.9675775766372681
