Step: 189
accuracy: 0.5986276865005493
loss: 0.9677318334579468
