Step: 92
accuracy: 0.5983356237411499
loss: 0.9699132442474365
