Step: 223
accuracy: 0.5983744859695435
loss: 0.9671868681907654
