Step: 268
accuracy: 0.6005131006240845
loss: 0.963848888874054
