Step: 11
accuracy: 0.5994318127632141
loss: 0.9784430265426636
