Step: 7
accuracy: 0.5892857313156128
loss: 0.9581871628761292
