Step: 49
accuracy: 0.5975764989852905
loss: 0.9717369675636292
