Step: 219
accuracy: 0.5982449054718018
loss: 0.9672626256942749
