Step: 48
accuracy: 0.5973307490348816
loss: 0.9748594760894775
