Step: 135
accuracy: 0.5986111164093018
loss: 0.9662271738052368
