Step: 162
accuracy: 0.5964506268501282
loss: 0.9700025320053101
