Step: 229
accuracy: 0.598935604095459
loss: 0.9660036563873291
