Step: 139
accuracy: 0.5991456508636475
loss: 0.9663438200950623
