Step: 150
accuracy: 0.5992708206176758
loss: 0.9666116833686829
