Step: 176
accuracy: 0.5971236228942871
loss: 0.9693036675453186
