Step: 52
accuracy: 0.5982572436332703
loss: 0.9710304737091064
