Step: 23
accuracy: 0.60326087474823
loss: 0.9627333879470825
