Step: 9
accuracy: 0.5868055820465088
loss: 0.9826369881629944
