Step: 191
accuracy: 0.5983311533927917
loss: 0.9685832262039185
