Step: 65
accuracy: 0.6014423370361328
loss: 0.965879499912262
