Step: 130
accuracy: 0.5987980961799622
loss: 0.9657294750213623
