Step: 181
accuracy: 0.5976346731185913
loss: 0.9686314463615417
