Step: 14
accuracy: 0.5915178656578064
loss: 0.9857953786849976
