Step: 120
accuracy: 0.5966145992279053
loss: 0.9682493209838867
