Step: 73
accuracy: 0.6025256514549255
loss: 0.9664947390556335
