Step: 121
accuracy: 0.5968491435050964
loss: 0.9683559536933899
