Step: 128
accuracy: 0.5989990234375
loss: 0.9663581252098083
