Step: 37
accuracy: 0.597550630569458
loss: 0.9769407510757446
