Step: 77
accuracy: 0.6000405550003052
loss: 0.967117190361023
