Step: 84
accuracy: 0.598028302192688
loss: 0.96831876039505
