Step: 44
accuracy: 0.5955255627632141
loss: 0.9780809283256531
