Step: 257
accuracy: 0.6015928983688354
loss: 0.962559700012207
