Step: 129
accuracy: 0.5992006063461304
loss: 0.9658442139625549
