Step: 170
accuracy: 0.5971507430076599
loss: 0.9696032404899597
