Step: 184
accuracy: 0.5978261232376099
loss: 0.968479335308075
