Step: 256
accuracy: 0.60137939453125
loss: 0.9632810950279236
