Step: 18
accuracy: 0.59375
loss: 0.9754521250724792
