Step: 124
accuracy: 0.5972782373428345
loss: 0.9678112268447876
