Step: 90
accuracy: 0.5986111164093018
loss: 0.968183159828186
