Step: 116
accuracy: 0.5957704782485962
loss: 0.9701608419418335
