Step: 168
accuracy: 0.5968192219734192
loss: 0.9692642688751221
