Step: 179
accuracy: 0.5970670580863953
loss: 0.9691701531410217
