Step: 221
accuracy: 0.5982041954994202
loss: 0.9673095941543579
