Step: 82
accuracy: 0.597942054271698
loss: 0.9670254588127136
