Step: 8
accuracy: 0.6015625
loss: 0.9652465581893921
