Step: 224
accuracy: 0.59814453125
loss: 0.9671198725700378
