Step: 279
accuracy: 0.6007504463195801
loss: 0.9629972577095032
