Step: 263
accuracy: 0.6004633903503418
loss: 0.9640012383460999
