Step: 64
accuracy: 0.6015625
loss: 0.9658241271972656
