Step: 32
accuracy: 0.6005859375
loss: 0.9730122089385986
