Step: 12
accuracy: 0.5950521230697632
loss: 0.9811886548995972
