Step: 209
accuracy: 0.597039520740509
loss: 0.9687761068344116
