Step: 199
accuracy: 0.5976758599281311
loss: 0.9683825373649597
