Step: 175
accuracy: 0.5975892543792725
loss: 0.9689702987670898
