Step: 227
accuracy: 0.5985682606697083
loss: 0.9666481614112854
