Step: 222
accuracy: 0.5983248949050903
loss: 0.9672359824180603
