Step: 272
accuracy: 0.6008731722831726
loss: 0.9629743099212646
