Step: 280
accuracy: 0.6010602712631226
loss: 0.9629120826721191
