Step: 60
accuracy: 0.5984375476837158
loss: 0.9687846899032593
