Step: 251
accuracy: 0.6011579036712646
loss: 0.9633461236953735
