Step: 190
accuracy: 0.5981908440589905
loss: 0.9685799479484558
