Step: 215
accuracy: 0.5979651212692261
loss: 0.967445433139801
