Step: 236
accuracy: 0.5995100736618042
loss: 0.9647306799888611
