Step: 102
accuracy: 0.5972732901573181
loss: 0.9696504473686218
