Step: 91
accuracy: 0.5992445349693298
loss: 0.9687119722366333
