Step: 278
accuracy: 0.6010004281997681
loss: 0.9626937508583069
