Step: 167
accuracy: 0.5966504812240601
loss: 0.9701046943664551
