Step: 258
accuracy: 0.6019258499145508
loss: 0.9623237252235413
