Step: 67
accuracy: 0.6026119589805603
loss: 0.9638697504997253
