Step: 240
accuracy: 0.5999349355697632
loss: 0.9646357893943787
