Step: 123
accuracy: 0.5970528721809387
loss: 0.9680456519126892
