Step: 247
accuracy: 0.6005820035934448
loss: 0.964062511920929
