Step: 146
accuracy: 0.599743127822876
loss: 0.9656524658203125
