Step: 137
accuracy: 0.5989963412284851
loss: 0.966518223285675
