Step: 248
accuracy: 0.6005544066429138
loss: 0.9641385674476624
