Step: 201
accuracy: 0.5977145433425903
loss: 0.9682959914207458
