Step: 20
accuracy: 0.604687511920929
loss: 0.9601569175720215
