Step: 195
accuracy: 0.5986378192901611
loss: 0.9681680202484131
