Step: 267
accuracy: 0.6004799008369446
loss: 0.9638153314590454
