Step: 79
accuracy: 0.6012658476829529
loss: 0.9643576145172119
