Step: 107
accuracy: 0.5971086025238037
loss: 0.9693506956100464
