Step: 159
accuracy: 0.5964033007621765
loss: 0.9693045616149902
