Step: 131
accuracy: 0.5985209941864014
loss: 0.9662290811538696
