Step: 274
accuracy: 0.6007641553878784
loss: 0.9629911780357361
