Step: 47
accuracy: 0.595079779624939
loss: 0.9770723581314087
