Step: 200
accuracy: 0.5978906154632568
loss: 0.9681968688964844
