Step: 197
accuracy: 0.5980330109596252
loss: 0.9683696627616882
