Step: 171
accuracy: 0.5969480872154236
loss: 0.9698190093040466
