Step: 211
accuracy: 0.597822904586792
loss: 0.9681190848350525
