Step: 234
accuracy: 0.5996261239051819
loss: 0.9650151133537292
