Step: 186
accuracy: 0.5987903475761414
loss: 0.9677099585533142
