Step: 243
accuracy: 0.6010802984237671
loss: 0.963612973690033
