Step: 178
accuracy: 0.596646785736084
loss: 0.9696686863899231
