Step: 95
accuracy: 0.5973684191703796
loss: 0.9708795547485352
