Step: 264
accuracy: 0.6003195643424988
loss: 0.9638866186141968
