Step: 269
accuracy: 0.6005460023880005
loss: 0.9640172719955444
