Step: 56
accuracy: 0.600167453289032
loss: 0.9677693247795105
