Step: 85
accuracy: 0.5977941155433655
loss: 0.9694438576698303
