Step: 230
accuracy: 0.5991847515106201
loss: 0.965484082698822
