Step: 33
accuracy: 0.6036931872367859
loss: 0.9701303243637085
