Step: 174
accuracy: 0.5973419547080994
loss: 0.9690351486206055
