Step: 105
accuracy: 0.5970238447189331
loss: 0.9699410200119019
