Step: 155
accuracy: 0.596875011920929
loss: 0.9681900143623352
