Step: 244
accuracy: 0.6006660461425781
loss: 0.9639021754264832
