Step: 207
accuracy: 0.5970712304115295
loss: 0.9682937860488892
