Step: 260
accuracy: 0.6013821959495544
loss: 0.9627529382705688
