Step: 136
accuracy: 0.5990349054336548
loss: 0.9662667512893677
