Step: 259
accuracy: 0.6017736196517944
loss: 0.9623494148254395
