Step: 122
accuracy: 0.5965676307678223
loss: 0.9690142869949341
