Step: 68
accuracy: 0.6022518277168274
loss: 0.9651509523391724
