Step: 265
accuracy: 0.6006485819816589
loss: 0.9634107351303101
