Step: 125
accuracy: 0.5973750352859497
loss: 0.9684762358665466
