Step: 59
accuracy: 0.5985169410705566
loss: 0.9686775207519531
