Step: 26
accuracy: 0.5973557829856873
loss: 0.9673380851745605
