Step: 166
accuracy: 0.5967620611190796
loss: 0.9700474739074707
