Step: 193
accuracy: 0.5986884832382202
loss: 0.968142032623291
