Step: 40
accuracy: 0.5960937738418579
loss: 0.9756399393081665
