Step: 103
accuracy: 0.5979976058006287
loss: 0.9691126942634583
