Step: 70
accuracy: 0.6026785969734192
loss: 0.9650092124938965
