Step: 245
accuracy: 0.6010203957557678
loss: 0.963377058506012
