Step: 86
accuracy: 0.5981104373931885
loss: 0.9704099893569946
