Step: 261
accuracy: 0.6011734008789062
loss: 0.9629526138305664
