Step: 226
accuracy: 0.5982438921928406
loss: 0.9672103524208069
