Step: 53
accuracy: 0.5996462106704712
loss: 0.9697206616401672
