Step: 182
accuracy: 0.5975275039672852
loss: 0.9688596725463867
