Step: 246
accuracy: 0.6008638739585876
loss: 0.9634227752685547
