Step: 118
accuracy: 0.5958686470985413
loss: 0.9692323207855225
