Step: 10
accuracy: 0.604687511920929
loss: 0.9654563069343567
