Step: 198
accuracy: 0.5980902910232544
loss: 0.9679012298583984
