Step: 156
accuracy: 0.5970553159713745
loss: 0.9679064750671387
