Step: 39
accuracy: 0.5977564454078674
loss: 0.9743343591690063
