Step: 43
accuracy: 0.5955668687820435
loss: 0.9802453517913818
