Step: 187
accuracy: 0.5989304780960083
loss: 0.9673187136650085
