Step: 271
accuracy: 0.6008418202400208
loss: 0.9629973769187927
