Step: 208
accuracy: 0.5972806811332703
loss: 0.9681460857391357
