Step: 88
accuracy: 0.5981889367103577
loss: 0.969857931137085
