Step: 213
accuracy: 0.5975645780563354
loss: 0.9681840538978577
