Step: 94
accuracy: 0.5977393388748169
loss: 0.9705214500427246
