Step: 54
accuracy: 0.5998263955116272
loss: 0.9689128994941711
