Step: 212
accuracy: 0.5973614454269409
loss: 0.9689090847969055
