Step: 220
accuracy: 0.5981534123420715
loss: 0.967460572719574
