Step: 173
accuracy: 0.5970014333724976
loss: 0.9693949222564697
