Step: 69
accuracy: 0.6023550629615784
loss: 0.965732991695404
