Step: 275
accuracy: 0.6009659171104431
loss: 0.9627566933631897
