Step: 144
accuracy: 0.599717915058136
loss: 0.9654467701911926
