Step: 214
accuracy: 0.5974006652832031
loss: 0.9678630232810974
