Step: 106
accuracy: 0.5969929099082947
loss: 0.9697508215904236
