Step: 202
accuracy: 0.5977722406387329
loss: 0.9682996273040771
