Step: 83
accuracy: 0.5975151062011719
loss: 0.9685875177383423
