Step: 164
accuracy: 0.5969893336296082
loss: 0.9693100452423096
