Step: 36
accuracy: 0.5998263955116272
loss: 0.9766910672187805
