Step: 114
accuracy: 0.5970394611358643
loss: 0.9690968990325928
