Step: 111
accuracy: 0.5995213985443115
loss: 0.9655055999755859
