Step: 141
accuracy: 0.5990691781044006
loss: 0.9663640260696411
