Step: 115
accuracy: 0.5966032147407532
loss: 0.9691070914268494
