Step: 177
accuracy: 0.597104549407959
loss: 0.9692427515983582
