Step: 233
accuracy: 0.5995171666145325
loss: 0.9651783108711243
