Step: 62
accuracy: 0.6003023982048035
loss: 0.9674001336097717
