Step: 157
accuracy: 0.5972332954406738
loss: 0.9677845239639282
