Step: 119
accuracy: 0.5965073704719543
loss: 0.9685769081115723
