Step: 242
accuracy: 0.6007876992225647
loss: 0.9641459584236145
