Step: 241
accuracy: 0.6004927754402161
loss: 0.9643725156784058
