Step: 61
accuracy: 0.5988729596138
loss: 0.9684333205223083
