Step: 206
accuracy: 0.5973149538040161
loss: 0.9680328369140625
