Step: 232
accuracy: 0.5991379022598267
loss: 0.9653669595718384
