Step: 24
accuracy: 0.5970052480697632
loss: 0.9705027937889099
