Step: 127
accuracy: 0.5981791019439697
loss: 0.9674872159957886
