Step: 277
accuracy: 0.6011394262313843
loss: 0.9627540111541748
