Step: 154
accuracy: 0.5971996784210205
loss: 0.9674374461174011
