Step: 75
accuracy: 0.6014583110809326
loss: 0.9662855863571167
