Step: 35
accuracy: 0.6000000238418579
loss: 0.9759309887886047
