Step: 273
accuracy: 0.6009042859077454
loss: 0.9628833532333374
