Step: 134
accuracy: 0.5988806486129761
loss: 0.9656550288200378
