Step: 281
accuracy: 0.601201057434082
loss: 0.9629697799682617
