Step: 98
accuracy: 0.5978953838348389
loss: 0.9692877531051636
