Step: 16
accuracy: 0.587890625
loss: 0.9822644591331482
