Step: 87
accuracy: 0.5985991358757019
loss: 0.9698435664176941
