Step: 51
accuracy: 0.5971201062202454
loss: 0.9718310236930847
