Step: 255
accuracy: 0.6013479828834534
loss: 0.963254451751709
