Step: 27
accuracy: 0.5983796119689941
loss: 0.9702211618423462
