Step: 270
accuracy: 0.6006365418434143
loss: 0.9635412096977234
