Step: 42
accuracy: 0.5959821343421936
loss: 0.980413019657135
