Step: 252
accuracy: 0.6012524962425232
loss: 0.9633331298828125
