Step: 158
accuracy: 0.5966178774833679
loss: 0.9688404202461243
