Step: 74
accuracy: 0.6005067229270935
loss: 0.9678621888160706
