Step: 34
accuracy: 0.6024816036224365
loss: 0.973629355430603
