Step: 239
accuracy: 0.5994377732276917
loss: 0.9649060964584351
