Step: 132
accuracy: 0.5982480645179749
loss: 0.9665964841842651
