Step: 104
accuracy: 0.59765625
loss: 0.9690960049629211
