Step: 4
accuracy: 0.57421875
loss: 0.9567185640335083
