Step: 210
accuracy: 0.5973214507102966
loss: 0.9685117602348328
