Step: 6
accuracy: 0.5807291865348816
loss: 0.9685181975364685
