Step: 250
accuracy: 0.601312518119812
loss: 0.963144838809967
