Step: 140
accuracy: 0.5992187261581421
loss: 0.966012716293335
