Step: 110
accuracy: 0.5988636016845703
loss: 0.9659836888313293
