Step: 38
accuracy: 0.5970394611358643
loss: 0.9762697815895081
