Step: 81
accuracy: 0.5979938507080078
loss: 0.9682284593582153
