Step: 172
accuracy: 0.5965661406517029
loss: 0.9700245261192322
