Step: 21
accuracy: 0.6071428656578064
loss: 0.95976322889328
