Step: 204
accuracy: 0.5977328419685364
loss: 0.9681310057640076
