Step: 100
accuracy: 0.5970312356948853
loss: 0.9700254797935486
