Step: 249
accuracy: 0.6011546850204468
loss: 0.9634485840797424
