Step: 126
accuracy: 0.5974702835083008
loss: 0.9677645564079285
