Step: 13
accuracy: 0.5973557829856873
loss: 0.9826211333274841
