Step: 169
accuracy: 0.5968934893608093
loss: 0.9696537256240845
