Step: 28
accuracy: 0.5987723469734192
loss: 0.9693987369537354
