Step: 30
accuracy: 0.6005208492279053
loss: 0.971957802772522
