Step: 46
accuracy: 0.594089686870575
loss: 0.9794102907180786
