Step: 228
accuracy: 0.5987527370452881
loss: 0.9664996862411499
