Step: 235
accuracy: 0.5997340083122253
loss: 0.9646967053413391
