Step: 2
accuracy: 0.4921875
loss: 1.040440559387207
