Step: 58
accuracy: 0.600215494632721
loss: 0.9672641158103943
