Step: 217
accuracy: 0.5979262590408325
loss: 0.967915952205658
