Step: 76
accuracy: 0.6003289222717285
loss: 0.9685823321342468
