Step: 117
accuracy: 0.595886766910553
loss: 0.9691573977470398
