Step: 262
accuracy: 0.6004890203475952
loss: 0.9637547731399536
