Step: 108
accuracy: 0.5988136529922485
loss: 0.9671427011489868
