Step: 50
accuracy: 0.5981249809265137
loss: 0.96994948387146
