Step: 145
accuracy: 0.600215494632721
loss: 0.9650009870529175
