Step: 41
accuracy: 0.5945121645927429
loss: 0.979675829410553
