Step: 101
accuracy: 0.5976175665855408
loss: 0.9698522686958313
