Step: 225
accuracy: 0.5979166626930237
loss: 0.9673282504081726
