Step: 80
accuracy: 0.5992187857627869
loss: 0.9662389159202576
