Step: 152
accuracy: 0.5983757972717285
loss: 0.9670525789260864
