Step: 203
accuracy: 0.5975215435028076
loss: 0.9684486389160156
