Step: 99
accuracy: 0.5969065427780151
loss: 0.9702080488204956
