Step: 3
accuracy: 0.5416666865348816
loss: 1.0038113594055176
