Step: 72
accuracy: 0.6024305820465088
loss: 0.9664074778556824
