Step: 231
accuracy: 0.599364161491394
loss: 0.9651103615760803
