Step: 19
accuracy: 0.6027960777282715
loss: 0.9620698690414429
