Step: 57
accuracy: 0.6000548005104065
loss: 0.9670358896255493
