Step: 282
accuracy: 0.6011666655540466
loss: 0.9631565809249878
