Step: 165
accuracy: 0.596969723701477
loss: 0.9691289067268372
