Step: 218
accuracy: 0.5979787707328796
loss: 0.9679738879203796
