Step: 25
accuracy: 0.5962499976158142
loss: 0.9694892168045044
