Step: 109
accuracy: 0.5990538597106934
loss: 0.9663060307502747
