Step: 161
accuracy: 0.596176266670227
loss: 0.9701271057128906
