Step: 276
accuracy: 0.601222813129425
loss: 0.9626539945602417
