Step: 63
accuracy: 0.6004464626312256
loss: 0.9668833017349243
