Step: 15
accuracy: 0.5885416865348816
loss: 0.9851911664009094
