Step: 237
accuracy: 0.5996176600456238
loss: 0.9644696712493896
