Step: 29
accuracy: 0.5996767282485962
loss: 0.9691650867462158
