Step: 183
accuracy: 0.5978483557701111
loss: 0.9682422876358032
