Step: 93
accuracy: 0.5981183052062988
loss: 0.9706281423568726
