Step: 112
accuracy: 0.5990513563156128
loss: 0.9658012986183167
