Step: 266
accuracy: 0.6007989048957825
loss: 0.9631997346878052
