Step: 149
accuracy: 0.5996224880218506
loss: 0.9663679003715515
