Step: 133
accuracy: 0.5992716550827026
loss: 0.9653576612472534
